55.176432
45.304875
46.905875
54.541026
49.322648
48.444048
48.547983
45.126697
50.587837
50.987526
51.095227
52.447773
47.180143
51.124317
47.573651
49.439099
52.629702
46.177084
49.010828
46.709174
41.370377
46.435245
49.757567
47.797359
51.285251
43.064817
46.244089
50.230568
52.176538
51.488321
45.847536
49.023905
43.431870
42.111670
44.858527
48.743739
51.228908
49.589352
46.823696
44.058120
41.396102
44.328739
43.067672
53.147001
50.492159
47.793773
42.042367
51.177758
40.333441
45.544980
44.624850
51.393942
44.233478
42.395542
46.732639
46.743873
49.419565
45.596317
43.119257
45.217507
44.322784
49.960181
46.865976
42.859396
44.992694
47.684274
40.924073
45.067413
47.107814
47.763749
50.664444
47.959913
51.562163
42.610884
45.937368
46.651164
43.216188
44.173776
45.310054
47.175372
43.379138
46.502164
46.876919
38.712584
51.971093
48.535608
47.738182
46.654518
42.843992
52.722159
43.406344
50.590214
47.442122
47.105411
48.937469
48.423340
48.569831
53.111685
51.643752
50.678029
