1 0 2 0.117647 0.797297 0.772973 0.116013
1 1 2 0.379085 0.494595 0.089189 0.021242
1 2 0 0.482843 0.629730 0.154054 0.135621
1 3 0 0.788399 0.581081 0.137838 0.121732
1 4 2 0.928922 0.454054 0.332432 0.035131
1 5 0 0.104575 0.578378 0.105405 0.054739
1 6 0 0.123366 0.589189 0.064865 0.071078
2 0 2 0.117647 0.797297 0.772973 0.116013
2 1 2 0.379085 0.494595 0.089189 0.021242
2 2 0 0.486928 0.637838 0.121622 0.136438
2 3 0 0.800654 0.591892 0.224324 0.114379
2 4 2 0.918301 0.454054 0.343243 0.036765
2 5 0 0.113562 0.586486 0.118919 0.061275
2 6 0 0.123366 0.589189 0.064865 0.071078
3 0 2 0.117647 0.794595 0.770270 0.116830
3 1 2 0.379085 0.494595 0.089189 0.021242
3 2 0 0.487745 0.637838 0.118919 0.128268
3 3 0 0.808824 0.586486 0.254054 0.116830
3 4 2 0.894608 0.456757 0.281081 0.033497
3 5 0 0.116013 0.586486 0.089189 0.060458
3 6 0 0.123366 0.589189 0.064865 0.071078
3 7 0 0.143791 0.610811 0.110811 0.075980
4 0 2 0.117647 0.797297 0.775676 0.116013
4 1 2 0.379902 0.497297 0.091892 0.021242
4 2 0 0.489379 0.627027 0.105405 0.116830
4 3 0 0.819444 0.583784 0.186486 0.116013
4 4 2 0.890523 0.464865 0.291892 0.034314
4 5 0 0.119281 0.591892 0.078378 0.063725
4 6 0 0.123366 0.589189 0.064865 0.071078
4 7 0 0.153595 0.608108 0.070270 0.080882
5 0 2 0.117647 0.800000 0.772973 0.113562
5 1 2 0.379085 0.500000 0.089189 0.020425
5 2 0 0.489379 0.627027 0.105405 0.116830
5 3 0 0.839052 0.583784 0.154054 0.119281
5 4 2 0.883170 0.470270 0.245946 0.031863
5 5 0 0.119281 0.591892 0.078378 0.063725
5 6 0 0.130719 0.610811 0.108108 0.076797
5 7 0 0.155229 0.613514 0.072973 0.083333
5 8 1 0.717320 0.662162 0.037838 0.032680
6 0 2 0.117647 0.802703 0.775676 0.112745
6 1 2 0.379902 0.500000 0.091892 0.020425
6 2 0 0.489379 0.627027 0.105405 0.116830
6 3 0 0.851307 0.591892 0.213514 0.112745
6 4 2 0.883170 0.470270 0.245946 0.031863
6 5 0 0.119281 0.591892 0.078378 0.063725
6 6 0 0.130719 0.610811 0.108108 0.076797
6 7 0 0.158497 0.613514 0.089189 0.084967
6 8 1 0.727124 0.637838 0.108108 0.050654
7 0 2 0.117647 0.800000 0.775676 0.113562
7 1 2 0.379085 0.500000 0.089189 0.020425
7 2 0 0.489379 0.627027 0.105405 0.116830
7 3 0 0.859477 0.583784 0.262162 0.115196
7 4 2 0.883170 0.470270 0.245946 0.031863
7 5 0 0.119281 0.591892 0.078378 0.063725
7 6 0 0.139706 0.613514 0.083784 0.076797
7 7 0 0.166667 0.613514 0.121622 0.084150
7 8 1 0.736928 0.629730 0.167568 0.051471
7 9 0 0.724673 0.551351 0.091892 0.069444
7 10 2 0.814542 0.494595 0.105405 0.019608
8 0 2 0.117647 0.800000 0.775676 0.113562
8 1 2 0.379902 0.500000 0.091892 0.020425
8 2 0 0.489379 0.627027 0.105405 0.116830
8 3 0 0.867647 0.578378 0.259459 0.117647
8 4 2 0.883170 0.470270 0.245946 0.031863
8 5 0 0.119281 0.591892 0.078378 0.063725
8 6 0 0.147876 0.608108 0.083784 0.080882
8 7 0 0.169118 0.610811 0.116216 0.082516
8 8 1 0.746732 0.621622 0.237838 0.059641
8 9 0 0.734477 0.554054 0.154054 0.069444
8 10 2 0.807190 0.489189 0.154054 0.024510
9 0 2 0.117647 0.800000 0.775676 0.113562
9 1 2 0.379085 0.500000 0.089189 0.020425
9 2 0 0.489379 0.627027 0.105405 0.116830
9 3 0 0.879085 0.562162 0.183784 0.125817
9 4 2 0.883170 0.470270 0.245946 0.031863
9 5 0 0.119281 0.591892 0.078378 0.063725
9 6 0 0.156863 0.608108 0.070270 0.078431
9 7 0 0.175654 0.608108 0.091892 0.080882
9 8 1 0.760621 0.624324 0.286486 0.057190
9 9 0 0.753268 0.556757 0.189189 0.066176
9 10 2 0.802288 0.481081 0.197297 0.029412
10 0 2 0.117647 0.802703 0.772973 0.114379
10 1 2 0.379085 0.500000 0.089189 0.020425
10 3 0 0.890523 0.562162 0.132432 0.125000
10 4 2 0.883170 0.470270 0.245946 0.031863
10 6 0 0.167484 0.618919 0.129730 0.085784
10 7 0 0.183824 0.600000 0.108108 0.081699
10 8 1 0.780229 0.618919 0.283784 0.056373
10 9 0 0.770425 0.551351 0.175676 0.063725
10 10 2 0.803105 0.481081 0.181081 0.033497
11 0 2 0.117647 0.802703 0.775676 0.112745
11 1 2 0.379902 0.500000 0.091892 0.020425
11 3 0 0.911765 0.567568 0.205405 0.124183
11 4 0 0.825163 0.478378 0.045946 0.041667
11 6 0 0.168301 0.621622 0.108108 0.082516
11 7 0 0.191176 0.600000 0.118919 0.080882
11 8 1 0.795752 0.610811 0.262162 0.059641
11 9 0 0.788399 0.545946 0.129730 0.072712
11 10 2 0.803105 0.481081 0.181081 0.033497
11 11 2 0.758987 0.497297 0.108108 0.020425
12 0 2 0.117647 0.800000 0.772973 0.113562
12 1 2 0.379085 0.500000 0.089189 0.020425
12 3 0 0.918301 0.562162 0.237838 0.121732
12 4 0 0.825163 0.478378 0.045946 0.041667
12 6 0 0.173203 0.618919 0.108108 0.084150
12 7 0 0.200980 0.605405 0.143243 0.082516
12 8 1 0.819444 0.613514 0.294595 0.051471
12 9 0 0.809641 0.545946 0.137838 0.071078
12 10 2 0.774510 0.483784 0.291892 0.029412
12 11 2 0.758987 0.497297 0.108108 0.020425
13 0 2 0.117647 0.800000 0.772973 0.113562
13 1 2 0.379085 0.500000 0.089189 0.020425
13 3 0 0.925654 0.554054 0.202703 0.124183
13 4 0 0.825163 0.478378 0.045946 0.041667
13 6 0 0.176471 0.600000 0.089189 0.075980
13 7 0 0.204248 0.602703 0.140541 0.080065
13 8 1 0.839869 0.597297 0.289189 0.058007
13 9 0 0.818627 0.516216 0.102703 0.062908
13 10 2 0.760621 0.481081 0.289189 0.030229
13 11 2 0.758987 0.497297 0.108108 0.020425
14 0 2 0.117647 0.800000 0.772973 0.113562
14 1 2 0.379902 0.500000 0.091892 0.020425
14 3 0 0.940359 0.551351 0.143243 0.123366
14 4 0 0.825163 0.478378 0.045946 0.041667
14 6 0 0.181373 0.605405 0.091892 0.080882
14 7 0 0.209150 0.600000 0.105405 0.083333
14 8 1 0.860294 0.594595 0.291892 0.053922
14 9 0 0.844771 0.527027 0.148649 0.066993
14 10 2 0.751634 0.483784 0.272973 0.030229
14 11 2 0.758987 0.497297 0.108108 0.020425
14 12 0 0.826797 0.494595 0.037838 0.043301
15 0 2 0.117647 0.800000 0.775676 0.113562
15 1 2 0.379902 0.500000 0.091892 0.020425
15 3 0 0.959150 0.551351 0.194595 0.124183
15 4 0 0.825163 0.478378 0.045946 0.041667
15 6 0 0.190359 0.610811 0.102703 0.081699
15 7 0 0.212418 0.602703 0.083784 0.088235
15 8 1 0.884804 0.586486 0.262162 0.057190
15 9 0 0.866830 0.516216 0.145946 0.062092
15 10 2 0.743464 0.486486 0.213514 0.029412
15 11 2 0.758987 0.497297 0.108108 0.020425
15 12 0 0.825980 0.483784 0.035135 0.046569
16 0 2 0.117647 0.800000 0.775676 0.113562
16 1 2 0.379085 0.500000 0.089189 0.020425
16 3 0 0.965686 0.554054 0.227027 0.123366
16 4 0 0.825163 0.478378 0.045946 0.041667
16 6 0 0.195261 0.616216 0.105405 0.083333
16 7 0 0.220588 0.597297 0.097297 0.085784
16 8 1 0.898693 0.581081 0.289189 0.057190
16 9 0 0.888889 0.508108 0.175676 0.060458
16 10 2 0.736111 0.486486 0.167568 0.029412
16 11 2 0.758987 0.497297 0.108108 0.020425
16 12 0 0.825980 0.483784 0.035135 0.047386
17 0 2 0.117647 0.800000 0.775676 0.113562
17 1 2 0.379085 0.500000 0.089189 0.020425
17 3 0 0.966503 0.551351 0.221622 0.123366
17 6 0 0.199346 0.613514 0.091892 0.083333
17 7 0 0.227124 0.602703 0.108108 0.082516
17 8 1 0.915850 0.578378 0.267568 0.057190
17 9 0 0.907680 0.505405 0.162162 0.062092
17 10 2 0.729575 0.483784 0.118919 0.028595
17 12 0 0.825980 0.483784 0.035135 0.047386
18 0 2 0.117647 0.800000 0.775676 0.113562
18 1 2 0.379085 0.500000 0.089189 0.020425
18 3 0 0.974673 0.540541 0.167568 0.125000
18 6 0 0.205065 0.589189 0.081081 0.073529
18 7 0 0.232843 0.600000 0.113514 0.081699
18 8 1 0.935458 0.564865 0.248649 0.061275
18 9 0 0.932190 0.502703 0.143243 0.067810
18 10 2 0.721405 0.486486 0.070270 0.029412
18 12 0 0.825980 0.483784 0.035135 0.047386
19 0 2 0.117647 0.800000 0.772973 0.113562
19 1 2 0.379085 0.500000 0.089189 0.020425
19 3 0 0.990196 0.543243 0.062162 0.103758
19 6 0 0.209967 0.610811 0.097297 0.085784
19 7 0 0.239379 0.597297 0.094595 0.083333
19 8 1 0.956699 0.570270 0.270270 0.053105
19 9 0 0.950163 0.491892 0.167568 0.072712
19 10 2 0.721405 0.486486 0.070270 0.029412
19 12 0 0.825980 0.483784 0.035135 0.047386
20 0 2 0.117647 0.800000 0.772973 0.113562
20 1 2 0.379085 0.500000 0.089189 0.020425
20 3 0 0.990196 0.543243 0.062162 0.103758
20 6 0 0.219771 0.608108 0.113514 0.081699
20 7 0 0.245098 0.600000 0.091892 0.089869
20 8 1 0.966503 0.556757 0.213514 0.058007
20 9 0 0.968137 0.486486 0.148649 0.066993
20 10 2 0.721405 0.486486 0.070270 0.029412
20 12 0 0.825980 0.483784 0.035135 0.047386
20 13 0 0.720588 0.478378 0.032432 0.027778
21 0 2 0.117647 0.800000 0.772973 0.113562
21 1 2 0.379085 0.500000 0.089189 0.020425
21 3 0 0.990196 0.543243 0.062162 0.103758
21 6 0 0.226307 0.613514 0.105405 0.085784
21 7 0 0.252451 0.591892 0.105405 0.080882
21 8 1 0.976307 0.570270 0.154054 0.044118
21 9 0 0.982026 0.486486 0.116216 0.068627
21 10 2 0.721405 0.486486 0.070270 0.029412
21 12 0 0.825980 0.483784 0.037838 0.047386
21 13 0 0.720588 0.478378 0.032432 0.027778
22 0 2 0.117647 0.800000 0.772973 0.113562
22 1 2 0.379085 0.500000 0.089189 0.020425
22 3 0 0.990196 0.543243 0.062162 0.103758
22 6 0 0.227941 0.621622 0.105405 0.092320
22 7 0 0.263072 0.602703 0.151351 0.084150
22 8 1 0.986928 0.578378 0.086486 0.039216
22 9 0 0.982026 0.486486 0.116216 0.068627
22 10 2 0.721405 0.486486 0.070270 0.029412
22 12 0 0.825980 0.483784 0.037838 0.047386
22 13 0 0.721405 0.472973 0.035135 0.031046
23 0 2 0.117647 0.800000 0.772973 0.113562
23 1 2 0.379085 0.500000 0.089189 0.020425
23 3 0 0.990196 0.543243 0.062162 0.103758
23 6 0 0.238562 0.605405 0.091892 0.084967
23 7 0 0.267974 0.600000 0.148649 0.080882
23 8 1 0.986928 0.578378 0.086486 0.039216
23 9 0 0.982026 0.486486 0.116216 0.068627
23 10 2 0.721405 0.486486 0.070270 0.029412
23 12 0 0.825980 0.483784 0.037838 0.047386
23 13 0 0.721405 0.472973 0.035135 0.031046
23 14 0 0.727124 0.616216 0.108108 0.129085
24 0 2 0.117647 0.800000 0.772973 0.113562
24 1 2 0.379085 0.500000 0.089189 0.020425
24 3 0 0.990196 0.543243 0.062162 0.103758
24 6 0 0.243464 0.589189 0.089189 0.075980
24 7 0 0.270425 0.602703 0.124324 0.080065
24 8 1 0.986928 0.578378 0.086486 0.039216
24 9 0 0.982026 0.486486 0.116216 0.068627
24 12 0 0.825980 0.486486 0.037838 0.044935
24 13 0 0.721405 0.472973 0.035135 0.031046
24 14 0 0.736928 0.621622 0.172973 0.127451
25 0 2 0.117647 0.800000 0.772973 0.113562
25 1 2 0.379085 0.500000 0.089189 0.020425
25 6 0 0.250000 0.608108 0.097297 0.081699
25 7 0 0.279412 0.589189 0.097297 0.080065
25 8 1 0.986928 0.578378 0.086486 0.039216
25 9 0 0.982026 0.486486 0.116216 0.068627
25 12 0 0.825980 0.486486 0.035135 0.044935
25 13 0 0.721405 0.472973 0.035135 0.031046
25 14 0 0.737745 0.618919 0.178378 0.129085
26 0 2 0.117647 0.800000 0.772973 0.113562
26 1 2 0.379085 0.500000 0.089189 0.020425
26 6 0 0.258170 0.610811 0.091892 0.083333
26 7 0 0.285131 0.597297 0.086486 0.083333
26 8 1 0.986928 0.578378 0.086486 0.039216
26 9 0 0.982026 0.486486 0.116216 0.068627
26 12 0 0.825980 0.483784 0.037838 0.046569
26 13 0 0.721405 0.472973 0.035135 0.031046
26 14 0 0.739379 0.618919 0.170270 0.130719
27 0 2 0.117647 0.800000 0.772973 0.113562
27 1 2 0.379085 0.500000 0.089189 0.020425
27 6 0 0.263072 0.600000 0.078378 0.077614
27 7 0 0.294118 0.597297 0.116216 0.080882
27 8 1 0.986928 0.578378 0.086486 0.039216
27 12 0 0.825980 0.486486 0.035135 0.045752
27 13 0 0.721405 0.472973 0.035135 0.031046
27 14 0 0.750817 0.610811 0.154054 0.135621
27 15 0 0.723856 0.618919 0.086486 0.115196
28 0 2 0.117647 0.800000 0.772973 0.113562
28 1 2 0.379085 0.500000 0.089189 0.020425
28 6 0 0.269608 0.575676 0.075676 0.063725
28 7 0 0.300654 0.605405 0.132432 0.077614
28 12 0 0.825980 0.483784 0.035135 0.047386
28 14 0 0.766340 0.616216 0.189189 0.133987
28 15 0 0.730392 0.616216 0.124324 0.121732
29 0 2 0.117647 0.800000 0.772973 0.113562
29 1 2 0.379085 0.500000 0.089189 0.020425
29 6 0 0.276961 0.600000 0.081081 0.083333
29 7 0 0.306373 0.613514 0.105405 0.080882
29 12 0 0.825980 0.483784 0.035135 0.047386
29 14 0 0.784314 0.618919 0.270270 0.133987
29 15 0 0.732843 0.616216 0.140541 0.118464
29 16 0 0.727124 0.470270 0.045946 0.030229
30 0 2 0.117647 0.800000 0.775676 0.113562
30 1 2 0.379085 0.500000 0.089189 0.020425
30 6 0 0.288399 0.605405 0.135135 0.085784
30 7 0 0.314542 0.605405 0.097297 0.083333
30 12 0 0.825980 0.483784 0.035135 0.047386
30 14 0 0.785948 0.621622 0.286486 0.130719
30 15 0 0.738562 0.618919 0.170270 0.118464
30 16 0 0.727124 0.472973 0.043243 0.031863
31 0 2 0.117647 0.800000 0.775676 0.113562
31 1 2 0.379085 0.500000 0.089189 0.020425
31 6 0 0.293301 0.578378 0.089189 0.065359
31 7 0 0.321895 0.600000 0.108108 0.080065
31 12 0 0.825980 0.483784 0.035135 0.047386
31 14 0 0.789216 0.618919 0.262162 0.132353
31 15 0 0.752451 0.616216 0.181081 0.119281
31 16 0 0.726307 0.472973 0.037838 0.031863
32 0 2 0.117647 0.800000 0.772973 0.113562
32 1 2 0.379085 0.500000 0.089189 0.020425
32 6 0 0.299837 0.610811 0.083784 0.087418
32 7 0 0.333333 0.602703 0.154054 0.084967
32 12 0 0.825980 0.483784 0.035135 0.047386
32 14 0 0.802288 0.616216 0.189189 0.135621
32 15 0 0.768791 0.602703 0.151351 0.115196
32 16 0 0.726307 0.472973 0.040541 0.031863
32 17 2 0.343137 0.483784 0.064865 0.015523
33 0 2 0.117647 0.800000 0.772973 0.113562
33 1 2 0.379085 0.500000 0.089189 0.020425
33 6 0 0.306373 0.581081 0.072973 0.069444
33 7 0 0.336601 0.608108 0.145946 0.080065
33 12 0 0.825980 0.483784 0.035135 0.047386
33 14 0 0.816176 0.610811 0.145946 0.136438
33 15 0 0.783497 0.616216 0.129730 0.125000
33 16 0 0.725490 0.472973 0.035135 0.031863
33 17 2 0.343137 0.483784 0.070270 0.016340
33 18 0 0.489379 0.483784 0.024324 0.017157
34 0 2 0.117647 0.800000 0.772973 0.113562
34 1 2 0.379085 0.500000 0.089189 0.020425
34 6 0 0.313725 0.581081 0.078378 0.075163
34 7 0 0.342320 0.613514 0.118919 0.078431
34 12 0 0.825980 0.483784 0.035135 0.047386
34 14 0 0.833333 0.608108 0.208108 0.135621
34 15 0 0.791667 0.616216 0.137838 0.122549
34 16 0 0.725490 0.472973 0.035135 0.031863
34 17 2 0.355392 0.472973 0.067568 0.021242
34 18 0 0.489379 0.483784 0.024324 0.017157
35 0 2 0.117647 0.800000 0.772973 0.113562
35 1 2 0.379902 0.500000 0.086486 0.020425
35 6 0 0.321078 0.608108 0.116216 0.084150
35 7 0 0.348856 0.608108 0.091892 0.080065
35 12 0 0.825980 0.483784 0.035135 0.047386
35 14 0 0.845588 0.610811 0.262162 0.133987
35 15 0 0.796569 0.613514 0.167568 0.120915
35 16 0 0.725490 0.472973 0.035135 0.032680
35 17 2 0.355392 0.472973 0.067568 0.021242
35 18 0 0.489379 0.483784 0.024324 0.017157
36 0 2 0.117647 0.800000 0.772973 0.113562
36 1 2 0.379902 0.500000 0.086486 0.020425
36 6 0 0.332516 0.608108 0.081081 0.080882
36 7 0 0.353758 0.610811 0.100000 0.079248
36 14 0 0.848856 0.605405 0.262162 0.134804
36 15 0 0.808007 0.616216 0.156757 0.120098
36 16 0 0.725490 0.472973 0.035135 0.032680
36 17 2 0.355392 0.472973 0.067568 0.021242
36 18 0 0.489379 0.486486 0.024324 0.016340
37 0 2 0.117647 0.800000 0.772973 0.113562
37 1 2 0.379085 0.500000 0.089189 0.020425
37 6 0 0.336601 0.602703 0.081081 0.083333
37 7 0 0.365196 0.613514 0.127027 0.071895
37 14 0 0.855392 0.597297 0.186486 0.134804
37 15 0 0.825980 0.597297 0.127027 0.115196
37 16 0 0.726307 0.472973 0.037838 0.032680
37 17 2 0.355392 0.472973 0.067568 0.021242
37 18 0 0.489379 0.483784 0.024324 0.017157
37 19 2 0.352941 0.472973 0.091892 0.022059
38 0 2 0.117647 0.800000 0.772973 0.113562
38 1 2 0.383170 0.497297 0.064865 0.020425
38 6 0 0.345588 0.578378 0.075676 0.063725
38 7 0 0.370915 0.605405 0.127027 0.078431
38 14 0 0.870098 0.589189 0.172973 0.140523
38 15 0 0.839052 0.605405 0.135135 0.122549
38 16 0 0.726307 0.472973 0.040541 0.032680
38 17 2 0.355392 0.472973 0.067568 0.021242
38 18 0 0.489379 0.483784 0.024324 0.017157
38 19 2 0.357026 0.470270 0.070270 0.020425
39 0 2 0.117647 0.800000 0.772973 0.113562
39 1 2 0.379902 0.497297 0.083784 0.022059
39 6 0 0.353758 0.610811 0.132432 0.088235
39 7 0 0.379085 0.610811 0.116216 0.081699
39 14 0 0.885621 0.586486 0.218919 0.142157
39 15 0 0.843954 0.605405 0.143243 0.122549
39 16 0 0.726307 0.472973 0.043243 0.032680
39 17 2 0.355392 0.472973 0.067568 0.021242
39 18 0 0.489379 0.486486 0.024324 0.017974
39 19 2 0.357026 0.470270 0.070270 0.020425
40 0 2 0.117647 0.800000 0.772973 0.113562
40 1 2 0.379902 0.497297 0.083784 0.022059
40 6 0 0.354575 0.610811 0.127027 0.086601
40 7 0 0.380719 0.602703 0.100000 0.085784
40 14 0 0.905229 0.591892 0.289189 0.138889
40 15 0 0.848856 0.602703 0.172973 0.121732
40 16 0 0.726307 0.472973 0.043243 0.032680
40 18 0 0.489379 0.486486 0.024324 0.017974
40 19 2 0.357026 0.470270 0.070270 0.020425
41 0 2 0.117647 0.800000 0.772973 0.113562
41 1 2 0.378268 0.491892 0.051351 0.014706
41 6 0 0.369281 0.602703 0.078378 0.083333
41 7 0 0.390523 0.597297 0.102703 0.080882
41 14 0 0.910131 0.594595 0.318919 0.137255
41 15 0 0.858660 0.600000 0.194595 0.122549
41 16 0 0.725490 0.472973 0.040541 0.032680
41 18 0 0.489379 0.486486 0.024324 0.017974
41 19 2 0.357026 0.470270 0.070270 0.020425
41 20 0 0.825980 0.486486 0.037838 0.047386
42 0 2 0.117647 0.800000 0.772973 0.113562
42 1 2 0.378268 0.491892 0.051351 0.014706
42 6 0 0.375817 0.556757 0.070270 0.056373
42 7 0 0.401144 0.594595 0.129730 0.082516
42 14 0 0.913399 0.586486 0.308108 0.140523
42 15 0 0.872549 0.586486 0.154054 0.116013
42 16 0 0.725490 0.472973 0.040541 0.032680
42 18 0 0.489379 0.486486 0.024324 0.017974
42 19 2 0.357026 0.470270 0.070270 0.020425
42 20 0 0.825980 0.486486 0.037838 0.045752
43 0 2 0.117647 0.800000 0.772973 0.113562
43 1 2 0.378268 0.500000 0.083784 0.022059
43 6 0 0.383170 0.602703 0.081081 0.082516
43 7 0 0.409314 0.605405 0.135135 0.085784
43 14 0 0.923203 0.575676 0.213514 0.143791
43 15 0 0.888072 0.586486 0.127027 0.121732
43 16 0 0.725490 0.472973 0.040541 0.032680
43 18 0 0.489379 0.486486 0.024324 0.017974
43 19 2 0.357026 0.470270 0.070270 0.020425
43 20 0 0.825980 0.483784 0.037838 0.047386
44 0 2 0.117647 0.800000 0.772973 0.113562
44 1 2 0.376634 0.502703 0.072973 0.022876
44 6 0 0.391340 0.605405 0.140541 0.087418
44 7 0 0.413399 0.597297 0.110811 0.084967
44 14 0 0.937908 0.575676 0.172973 0.142974
44 15 0 0.900327 0.589189 0.154054 0.122549
44 16 0 0.725490 0.472973 0.040541 0.032680
44 18 0 0.489379 0.486486 0.024324 0.017974
44 20 0 0.825980 0.483784 0.037838 0.046569
45 0 2 0.117647 0.800000 0.772973 0.113562
45 1 2 0.379085 0.500000 0.086486 0.020425
45 6 0 0.400327 0.605405 0.091892 0.084150
45 7 0 0.418301 0.600000 0.094595 0.084967
45 14 0 0.954248 0.575676 0.200000 0.143791
45 15 0 0.907680 0.589189 0.175676 0.123366
45 16 0 0.725490 0.472973 0.040541 0.032680
45 18 0 0.490196 0.486486 0.021622 0.017974
45 20 0 0.825980 0.486486 0.037838 0.047386
46 0 2 0.117647 0.800000 0.772973 0.113562
46 1 2 0.379902 0.500000 0.091892 0.020425
46 6 0 0.405229 0.583784 0.070270 0.068627
46 7 0 0.424837 0.594595 0.086486 0.084967
46 14 0 0.964869 0.581081 0.232432 0.141340
46 15 0 0.910131 0.589189 0.172973 0.121732
46 16 0 0.725490 0.472973 0.040541 0.032680
46 18 0 0.489379 0.486486 0.024324 0.017974
46 20 0 0.825980 0.483784 0.037838 0.046569
47 0 2 0.117647 0.800000 0.772973 0.113562
47 1 2 0.379902 0.500000 0.091892 0.020425
47 6 0 0.413399 0.597297 0.078378 0.081699
47 7 0 0.435458 0.591892 0.116216 0.080882
47 14 0 0.965686 0.581081 0.224324 0.139706
47 15 0 0.922386 0.575676 0.137838 0.116013
47 16 0 0.725490 0.472973 0.040541 0.032680
47 18 0 0.489379 0.483784 0.024324 0.017157
47 20 0 0.825980 0.486486 0.037838 0.046569
48 0 2 0.117647 0.800000 0.772973 0.113562
48 1 2 0.379902 0.500000 0.091892 0.020425
48 6 0 0.421569 0.605405 0.097297 0.085784
48 7 0 0.445261 0.602703 0.124324 0.084150
48 14 0 0.971405 0.570270 0.189189 0.144608
48 15 0 0.938725 0.567568 0.140541 0.120915
48 16 0 0.725490 0.472973 0.040541 0.031863
48 18 0 0.489379 0.486486 0.024324 0.017974
48 20 0 0.825980 0.486486 0.037838 0.046569
49 0 2 0.117647 0.800000 0.772973 0.113562
49 1 2 0.379085 0.500000 0.089189 0.020425
49 6 0 0.426471 0.608108 0.132432 0.086601
49 7 0 0.446895 0.597297 0.086486 0.084150
49 14 0 0.981209 0.586486 0.118919 0.120915
49 15 0 0.950163 0.572973 0.159459 0.122549
49 16 0 0.726307 0.472973 0.037838 0.031863
49 18 0 0.489379 0.486486 0.024324 0.017974
49 20 0 0.825980 0.486486 0.037838 0.047386
50 0 2 0.117647 0.800000 0.772973 0.113562
50 1 2 0.379085 0.500000 0.089189 0.020425
50 6 0 0.433007 0.605405 0.105405 0.085784
50 7 0 0.451797 0.600000 0.078378 0.089052
50 14 0 0.989379 0.545946 0.070270 0.091503
50 15 0 0.963235 0.570270 0.243243 0.120098
50 16 0 0.726307 0.472973 0.037838 0.031046
50 18 0 0.489379 0.486486 0.024324 0.017974
50 20 0 0.825980 0.486486 0.037838 0.047386
51 0 2 0.117647 0.800000 0.772973 0.113562
51 1 2 0.379085 0.500000 0.089189 0.020425
51 6 0 0.443627 0.575676 0.067568 0.067810
51 7 0 0.460784 0.589189 0.091892 0.080882
51 14 0 0.989379 0.545946 0.070270 0.091503
51 15 0 0.963235 0.575676 0.240541 0.121732
51 16 0 0.726307 0.472973 0.037838 0.031046
51 18 0 0.489379 0.486486 0.024324 0.017157
51 20 0 0.825980 0.486486 0.037838 0.047386
51 21 2 0.993464 0.502703 0.040541 0.033497
52 0 2 0.117647 0.800000 0.772973 0.113562
52 1 2 0.379085 0.500000 0.089189 0.020425
52 6 0 0.450163 0.594595 0.070270 0.082516
52 7 0 0.472222 0.591892 0.118919 0.082516
52 14 0 0.989379 0.545946 0.070270 0.091503
52 15 0 0.966503 0.559459 0.218919 0.129902
52 16 0 0.726307 0.472973 0.037838 0.031046
52 18 0 0.489379 0.486486 0.024324 0.017157
52 20 0 0.825980 0.486486 0.037838 0.047386
52 21 2 0.993464 0.502703 0.040541 0.033497
53 0 2 0.117647 0.800000 0.772973 0.113562
53 1 2 0.379085 0.500000 0.089189 0.020425
53 6 0 0.453431 0.605405 0.089189 0.082516
53 7 0 0.471405 0.602703 0.186486 0.086601
53 14 0 0.989379 0.545946 0.070270 0.091503
53 15 0 0.977941 0.562162 0.145946 0.121732
53 16 0 0.726307 0.472973 0.037838 0.031863
53 18 0 0.489379 0.486486 0.024324 0.017157
53 20 0 0.825980 0.486486 0.037838 0.047386
53 21 2 0.993464 0.502703 0.040541 0.033497
54 0 2 0.117647 0.802703 0.772973 0.112745
54 1 2 0.379085 0.500000 0.089189 0.020425
54 6 0 0.453431 0.605405 0.089189 0.082516
54 7 0 0.469771 0.605405 0.194595 0.084967
54 14 0 0.989379 0.545946 0.070270 0.091503
54 15 0 0.989379 0.581081 0.070270 0.107843
54 16 0 0.726307 0.472973 0.037838 0.031046
54 18 0 0.489379 0.486486 0.024324 0.017157
54 20 0 0.825980 0.486486 0.037838 0.047386
54 21 2 0.993464 0.502703 0.040541 0.033497
55 0 2 0.117647 0.802703 0.772973 0.112745
55 1 2 0.379085 0.500000 0.089189 0.020425
55 6 0 0.453431 0.605405 0.089189 0.082516
55 7 0 0.476307 0.597297 0.143243 0.087418
55 14 0 0.989379 0.545946 0.070270 0.091503
55 15 0 0.989379 0.581081 0.070270 0.107843
55 16 0 0.726307 0.472973 0.037838 0.031863
55 18 0 0.489379 0.486486 0.024324 0.017157
55 20 0 0.825980 0.486486 0.037838 0.047386
55 21 0 0.994281 0.589189 0.037838 0.107026
56 0 2 0.117647 0.802703 0.772973 0.112745
56 1 2 0.379085 0.500000 0.089189 0.020425
56 6 0 0.453431 0.605405 0.089189 0.082516
56 7 0 0.485294 0.589189 0.113514 0.084150
56 15 0 0.989379 0.581081 0.070270 0.107843
56 16 0 0.726307 0.472973 0.037838 0.031863
56 18 0 0.489379 0.486486 0.024324 0.017157
56 20 0 0.825980 0.486486 0.037838 0.047386
56 21 0 0.994281 0.589189 0.037838 0.107026
57 0 2 0.117647 0.802703 0.772973 0.112745
57 1 2 0.379085 0.500000 0.089189 0.020425
57 6 0 0.490196 0.597297 0.097297 0.086601
57 7 0 0.498366 0.586486 0.054054 0.078431
57 15 0 0.989379 0.581081 0.070270 0.107843
57 16 0 0.726307 0.472973 0.037838 0.031863
57 18 0 0.489379 0.486486 0.024324 0.017157
57 20 0 0.825980 0.486486 0.037838 0.047386
57 21 0 0.994281 0.589189 0.037838 0.107026
57 22 0 0.005719 0.556757 0.037838 0.032680
58 0 2 0.117647 0.802703 0.772973 0.112745
58 1 2 0.379085 0.500000 0.089189 0.020425
58 6 0 0.491830 0.597297 0.091892 0.085784
58 7 0 0.498366 0.586486 0.054054 0.078431
58 15 0 0.989379 0.581081 0.070270 0.107843
58 16 0 0.726307 0.472973 0.037838 0.031046
58 20 0 0.825980 0.486486 0.037838 0.047386
58 21 0 0.994281 0.589189 0.037838 0.107026
58 22 0 0.005719 0.556757 0.037838 0.032680
59 0 2 0.117647 0.802703 0.772973 0.112745
59 1 2 0.379085 0.500000 0.089189 0.020425
59 6 0 0.491830 0.602703 0.091892 0.084150
59 7 0 0.498366 0.586486 0.054054 0.078431
59 15 0 0.989379 0.581081 0.070270 0.107843
59 16 0 0.726307 0.472973 0.037838 0.031046
59 20 0 0.825980 0.486486 0.037838 0.047386
59 21 0 0.994281 0.589189 0.037838 0.107026
59 22 0 0.005719 0.556757 0.037838 0.032680
60 0 2 0.117647 0.802703 0.772973 0.112745
60 1 2 0.379085 0.500000 0.089189 0.020425
60 6 0 0.496732 0.600000 0.059459 0.082516
60 7 0 0.498366 0.586486 0.054054 0.078431
60 16 0 0.726307 0.472973 0.037838 0.031046
60 21 0 0.994281 0.589189 0.037838 0.107026
60 22 0 0.005719 0.556757 0.037838 0.032680
61 0 2 0.117647 0.800000 0.772973 0.113562
61 1 2 0.379085 0.500000 0.089189 0.020425
61 6 0 0.496732 0.600000 0.059459 0.082516
61 7 0 0.498366 0.586486 0.054054 0.078431
61 16 0 0.726307 0.472973 0.037838 0.032680
61 22 0 0.005719 0.556757 0.037838 0.032680
62 0 2 0.117647 0.802703 0.772973 0.112745
62 1 2 0.379085 0.500000 0.089189 0.020425
62 6 0 0.496732 0.600000 0.059459 0.082516
62 7 0 0.498366 0.586486 0.054054 0.078431
62 16 0 0.726307 0.470270 0.037838 0.031863
62 22 0 0.005719 0.556757 0.037838 0.032680
62 23 0 0.489379 0.486486 0.024324 0.017974
63 0 2 0.117647 0.800000 0.772973 0.113562
63 1 2 0.379085 0.500000 0.089189 0.020425
63 6 0 0.496732 0.600000 0.059459 0.082516
63 16 0 0.725490 0.470270 0.040541 0.031863
63 23 0 0.489379 0.486486 0.024324 0.017974
63 24 0 0.018791 0.559459 0.081081 0.032680
64 0 2 0.117647 0.800000 0.772973 0.113562
64 1 2 0.379085 0.500000 0.089189 0.020425
64 6 0 0.496732 0.600000 0.059459 0.082516
64 16 0 0.725490 0.470270 0.040541 0.031863
64 23 0 0.489379 0.486486 0.024324 0.017974
64 24 0 0.021242 0.559459 0.105405 0.033497
65 0 2 0.117647 0.800000 0.772973 0.113562
65 1 2 0.379085 0.500000 0.089189 0.020425
65 6 0 0.496732 0.600000 0.059459 0.082516
65 16 0 0.725490 0.470270 0.037838 0.032680
65 23 0 0.489379 0.486486 0.024324 0.017974
65 24 0 0.023693 0.559459 0.110811 0.035948
66 0 2 0.117647 0.800000 0.772973 0.113562
66 1 2 0.379085 0.500000 0.089189 0.020425
66 16 0 0.725490 0.470270 0.037838 0.032680
66 23 0 0.489379 0.486486 0.024324 0.017974
66 24 0 0.023693 0.559459 0.110811 0.035948
67 0 2 0.117647 0.800000 0.772973 0.113562
67 1 2 0.379085 0.500000 0.089189 0.020425
67 16 0 0.725490 0.470270 0.037838 0.032680
67 23 0 0.489379 0.486486 0.024324 0.017974
67 24 0 0.027778 0.562162 0.097297 0.034314
68 0 2 0.117647 0.800000 0.772973 0.113562
68 1 2 0.379085 0.500000 0.089189 0.020425
68 16 0 0.725490 0.470270 0.037838 0.032680
68 23 0 0.489379 0.486486 0.024324 0.017974
68 24 0 0.026961 0.559459 0.089189 0.033497
69 0 2 0.117647 0.800000 0.772973 0.113562
69 1 2 0.379085 0.500000 0.089189 0.020425
69 16 0 0.725490 0.470270 0.037838 0.032680
69 23 0 0.489379 0.486486 0.024324 0.017974
69 24 0 0.026961 0.559459 0.089189 0.033497
70 0 2 0.117647 0.800000 0.772973 0.113562
70 1 2 0.379085 0.500000 0.089189 0.020425
70 16 0 0.725490 0.470270 0.037838 0.032680
70 23 0 0.489379 0.486486 0.024324 0.017974
70 24 0 0.026961 0.559459 0.089189 0.033497
71 0 2 0.117647 0.800000 0.772973 0.113562
71 1 2 0.379085 0.500000 0.091892 0.020425
71 16 0 0.725490 0.470270 0.037838 0.032680
71 23 0 0.489379 0.486486 0.024324 0.017974
71 24 0 0.026961 0.559459 0.089189 0.033497
72 0 2 0.117647 0.800000 0.772973 0.113562
72 1 2 0.379085 0.500000 0.091892 0.020425
72 16 0 0.725490 0.470270 0.037838 0.032680
72 23 0 0.489379 0.486486 0.024324 0.017974
72 24 0 0.026961 0.559459 0.089189 0.033497
73 0 2 0.117647 0.800000 0.772973 0.113562
73 1 2 0.379085 0.500000 0.091892 0.020425
73 16 0 0.725490 0.470270 0.037838 0.034314
73 23 0 0.489379 0.486486 0.024324 0.017974
73 24 0 0.026961 0.559459 0.089189 0.033497
74 0 2 0.117647 0.800000 0.772973 0.113562
74 1 2 0.379085 0.502703 0.091892 0.021242
74 16 0 0.725490 0.467568 0.037838 0.033497
74 23 0 0.489379 0.486486 0.024324 0.017974
75 0 2 0.117647 0.800000 0.772973 0.113562
75 1 2 0.379085 0.500000 0.091892 0.020425
75 16 0 0.725490 0.467568 0.037838 0.033497
75 23 0 0.489379 0.486486 0.024324 0.017974
76 0 2 0.117647 0.800000 0.772973 0.113562
76 1 2 0.378268 0.502703 0.094595 0.021242
76 16 0 0.725490 0.467568 0.037838 0.033497
76 23 0 0.489379 0.486486 0.024324 0.017974
77 0 2 0.117647 0.800000 0.775676 0.113562
77 1 2 0.378268 0.502703 0.094595 0.021242
77 16 0 0.725490 0.467568 0.035135 0.033497
77 23 0 0.489379 0.486486 0.024324 0.017974
78 0 2 0.117647 0.800000 0.772973 0.113562
78 1 2 0.377451 0.502703 0.094595 0.021242
78 16 0 0.725490 0.467568 0.035135 0.033497
78 23 0 0.489379 0.486486 0.024324 0.017974
79 0 2 0.117647 0.802703 0.772973 0.112745
79 1 2 0.377451 0.502703 0.094595 0.021242
79 16 0 0.725490 0.467568 0.035135 0.033497
79 23 0 0.489379 0.486486 0.024324 0.017974
79 25 0 0.025327 0.559459 0.110811 0.035131
80 0 2 0.117647 0.802703 0.772973 0.112745
80 1 2 0.377451 0.502703 0.097297 0.021242
80 16 0 0.725490 0.470270 0.035135 0.032680
80 23 0 0.489379 0.486486 0.024324 0.017974
80 25 0 0.024510 0.559459 0.118919 0.035948
81 0 2 0.117647 0.800000 0.772973 0.113562
81 1 2 0.376634 0.502703 0.094595 0.021242
81 16 0 0.725490 0.470270 0.035135 0.032680
81 23 0 0.489379 0.486486 0.024324 0.017974
81 25 0 0.024510 0.559459 0.118919 0.035948
82 0 2 0.117647 0.802703 0.772973 0.112745
82 1 2 0.376634 0.502703 0.097297 0.022059
82 16 0 0.725490 0.470270 0.035135 0.032680
82 23 0 0.489379 0.486486 0.024324 0.017974
82 25 0 0.020425 0.556757 0.118919 0.035948
83 0 2 0.117647 0.802703 0.772973 0.112745
83 1 2 0.376634 0.502703 0.097297 0.022059
83 16 0 0.725490 0.470270 0.035135 0.032680
83 23 0 0.489379 0.486486 0.024324 0.017974
83 25 0 0.020425 0.556757 0.118919 0.035948
84 0 2 0.117647 0.802703 0.772973 0.112745
84 1 2 0.375817 0.502703 0.100000 0.022876
84 16 0 0.725490 0.470270 0.035135 0.032680
84 23 0 0.489379 0.486486 0.024324 0.017974
84 25 0 0.020425 0.556757 0.118919 0.035948
85 0 2 0.117647 0.802703 0.772973 0.112745
85 1 2 0.375817 0.502703 0.097297 0.022876
85 16 0 0.725490 0.470270 0.035135 0.032680
85 25 0 0.020425 0.556757 0.118919 0.035948
86 0 2 0.117647 0.800000 0.772973 0.113562
86 1 2 0.375000 0.502703 0.100000 0.023693
86 16 0 0.725490 0.470270 0.035135 0.032680
86 25 0 0.020425 0.556757 0.118919 0.035948
87 0 2 0.117647 0.802703 0.772973 0.112745
87 1 2 0.375000 0.502703 0.100000 0.023693
87 16 0 0.725490 0.470270 0.035135 0.032680
87 25 0 0.020425 0.556757 0.118919 0.035948
88 0 2 0.117647 0.802703 0.772973 0.112745
88 1 2 0.375000 0.505405 0.102703 0.022876
88 16 0 0.725490 0.470270 0.035135 0.032680
89 0 2 0.117647 0.802703 0.772973 0.112745
89 1 2 0.375000 0.505405 0.102703 0.024510
89 16 0 0.725490 0.470270 0.035135 0.033497
90 0 2 0.117647 0.800000 0.772973 0.113562
90 1 2 0.374183 0.505405 0.105405 0.023693
90 16 0 0.725490 0.470270 0.035135 0.033497
91 0 2 0.117647 0.802703 0.772973 0.112745
91 1 2 0.374183 0.505405 0.105405 0.023693
91 16 0 0.725490 0.470270 0.035135 0.033497
91 26 0 0.721405 0.575676 0.067568 0.089052
91 27 0 0.489379 0.486486 0.027027 0.017974
92 0 2 0.117647 0.802703 0.772973 0.112745
92 1 2 0.374183 0.508108 0.108108 0.024510
92 16 0 0.725490 0.470270 0.035135 0.033497
92 26 0 0.727941 0.586486 0.110811 0.080065
92 27 0 0.489379 0.486486 0.027027 0.017974
93 0 2 0.117647 0.800000 0.772973 0.113562
93 1 2 0.374183 0.508108 0.105405 0.025327
93 16 0 0.725490 0.470270 0.035135 0.033497
93 26 0 0.732843 0.586486 0.116216 0.080065
93 27 0 0.489379 0.486486 0.027027 0.017974
94 0 2 0.117647 0.800000 0.772973 0.113562
94 1 2 0.375000 0.508108 0.105405 0.025327
94 16 0 0.725490 0.470270 0.035135 0.033497
94 26 0 0.738562 0.581081 0.135135 0.085784
94 27 0 0.489379 0.486486 0.027027 0.017974
95 0 2 0.117647 0.800000 0.772973 0.113562
95 1 2 0.375817 0.508108 0.108108 0.026961
95 16 0 0.725490 0.467568 0.040541 0.031863
95 26 0 0.742647 0.586486 0.143243 0.083333
95 27 0 0.489379 0.486486 0.027027 0.017974
96 0 2 0.117647 0.800000 0.772973 0.113562
96 1 2 0.375817 0.508108 0.110811 0.026961
96 16 0 0.726307 0.470270 0.037838 0.032680
96 26 0 0.756536 0.583784 0.137838 0.083333
96 27 0 0.489379 0.486486 0.027027 0.017974
96 28 0 0.744281 0.540541 0.067568 0.055556
97 0 2 0.117647 0.800000 0.772973 0.113562
97 1 2 0.376634 0.508108 0.110811 0.026961
97 16 0 0.726307 0.470270 0.037838 0.033497
97 26 0 0.764706 0.581081 0.129730 0.084150
97 27 0 0.489379 0.486486 0.027027 0.017974
97 28 0 0.750817 0.556757 0.078378 0.070261
97 29 0 0.825980 0.486486 0.035135 0.047386
98 0 2 0.117647 0.802703 0.772973 0.112745
98 1 2 0.377451 0.510811 0.113514 0.026144
98 16 0 0.726307 0.470270 0.037838 0.034314
98 26 0 0.770425 0.575676 0.113514 0.083333
98 28 0 0.755719 0.572973 0.083784 0.083333
98 29 0 0.825980 0.486486 0.035135 0.047386
99 0 2 0.117647 0.800000 0.772973 0.113562
99 1 2 0.378268 0.510811 0.113514 0.026144
99 16 0 0.725490 0.470270 0.035135 0.033497
99 26 0 0.779412 0.572973 0.091892 0.082516
99 28 0 0.761438 0.570270 0.081081 0.082516
99 29 0 0.825980 0.486486 0.035135 0.047386
100 0 2 0.117647 0.800000 0.772973 0.113562
100 1 2 0.379085 0.508108 0.121622 0.026961
100 16 0 0.725490 0.470270 0.035135 0.033497
100 26 0 0.786765 0.572973 0.094595 0.082516
100 28 0 0.766340 0.567568 0.089189 0.080882
100 29 0 0.825980 0.486486 0.035135 0.047386
101 0 2 0.117647 0.800000 0.772973 0.113562
101 1 2 0.380719 0.510811 0.124324 0.026961
101 16 0 0.725490 0.470270 0.035135 0.033497
101 26 0 0.794935 0.575676 0.148649 0.080065
101 28 0 0.775327 0.564865 0.102703 0.080065
101 29 0 0.826797 0.494595 0.037838 0.045752
101 30 2 0.357026 0.467568 0.062162 0.017157
102 0 2 0.117647 0.800000 0.772973 0.113562
102 1 2 0.381536 0.510811 0.129730 0.026961
102 16 0 0.725490 0.470270 0.035135 0.033497
102 26 0 0.800654 0.570270 0.148649 0.080882
102 28 0 0.783497 0.556757 0.089189 0.079248
102 29 0 0.825980 0.489189 0.037838 0.047386
102 30 2 0.357843 0.467568 0.064865 0.017157
103 0 2 0.117647 0.800000 0.772973 0.113562
103 1 2 0.382353 0.513514 0.132432 0.027778
103 16 0 0.725490 0.470270 0.037838 0.033497
103 26 0 0.803922 0.562162 0.110811 0.080882
103 28 0 0.790850 0.556757 0.100000 0.081699
103 29 0 0.825980 0.489189 0.037838 0.047386
103 30 2 0.357843 0.470270 0.064865 0.017974
104 0 2 0.117647 0.800000 0.772973 0.113562
104 1 2 0.383987 0.513514 0.143243 0.027778
104 16 0 0.725490 0.470270 0.037838 0.033497
104 26 0 0.815359 0.564865 0.083784 0.083333
104 28 0 0.795752 0.559459 0.089189 0.081699
104 29 0 0.825980 0.489189 0.037838 0.047386
104 30 2 0.357843 0.470270 0.064865 0.017974
105 0 2 0.117647 0.800000 0.772973 0.113562
105 1 2 0.386438 0.513514 0.151351 0.027778
105 16 0 0.725490 0.470270 0.035135 0.033497
105 26 0 0.821078 0.562162 0.081081 0.082516
105 28 0 0.800654 0.559459 0.091892 0.080065
105 29 0 0.825980 0.489189 0.037838 0.047386
105 30 2 0.357843 0.470270 0.064865 0.017974
105 31 0 0.481209 0.481081 0.024324 0.019608
106 0 2 0.117647 0.800000 0.772973 0.113562
106 1 2 0.387255 0.513514 0.154054 0.027778
106 16 0 0.725490 0.470270 0.035135 0.033497
106 26 0 0.821078 0.562162 0.086486 0.081699
106 28 0 0.807190 0.556757 0.097297 0.080882
106 29 0 0.825980 0.489189 0.037838 0.047386
106 30 2 0.357843 0.470270 0.064865 0.017974
106 31 0 0.481209 0.478378 0.024324 0.018791
107 0 2 0.117647 0.800000 0.772973 0.113562
107 1 2 0.389706 0.513514 0.156757 0.028595
107 16 0 0.725490 0.470270 0.035135 0.034314
107 26 0 0.821078 0.562162 0.086486 0.081699
107 28 0 0.817810 0.551351 0.102703 0.084967
107 29 0 0.825980 0.489189 0.037838 0.047386
107 30 2 0.357843 0.470270 0.064865 0.017974
107 31 0 0.481209 0.478378 0.024324 0.018791
108 0 2 0.117647 0.800000 0.772973 0.113562
108 1 2 0.392974 0.513514 0.167568 0.029412
108 16 0 0.725490 0.470270 0.035135 0.033497
108 26 0 0.839869 0.551351 0.097297 0.080065
108 28 0 0.820261 0.551351 0.078378 0.083333
108 30 2 0.357843 0.470270 0.064865 0.017974
108 31 0 0.481209 0.478378 0.024324 0.018791
109 0 2 0.117647 0.800000 0.772973 0.113562
109 1 2 0.394608 0.513514 0.170270 0.030229
109 16 0 0.725490 0.470270 0.035135 0.033497
109 26 0 0.837418 0.548649 0.156757 0.081699
109 28 0 0.823529 0.548649 0.072973 0.082516
109 31 0 0.481209 0.478378 0.024324 0.018791
109 32 0 0.853758 0.551351 0.067568 0.077614
110 0 2 0.117647 0.800000 0.772973 0.113562
110 1 2 0.397876 0.513514 0.172973 0.030229
110 16 0 0.725490 0.470270 0.035135 0.033497
110 26 0 0.837418 0.548649 0.156757 0.081699
110 28 0 0.830065 0.548649 0.083784 0.080065
110 31 0 0.481209 0.478378 0.024324 0.018791
110 32 0 0.860294 0.548649 0.094595 0.077614
111 0 2 0.117647 0.800000 0.772973 0.113562
111 1 2 0.401961 0.513514 0.183784 0.030229
111 16 0 0.725490 0.470270 0.035135 0.033497
111 26 0 0.837418 0.548649 0.156757 0.081699
111 28 0 0.835784 0.564865 0.116216 0.070261
111 31 0 0.481209 0.478378 0.024324 0.018791
111 32 0 0.863562 0.551351 0.110811 0.078431
112 0 2 0.117647 0.800000 0.772973 0.113562
112 1 2 0.404412 0.513514 0.186486 0.030229
112 16 0 0.725490 0.470270 0.037838 0.034314
112 26 0 0.837418 0.548649 0.156757 0.081699
112 28 0 0.835784 0.564865 0.116216 0.070261
112 32 0 0.864379 0.545946 0.118919 0.079248
112 33 0 0.825980 0.486486 0.035135 0.048203
113 0 2 0.117647 0.800000 0.772973 0.113562
113 1 2 0.408497 0.513514 0.194595 0.031863
113 16 0 0.725490 0.470270 0.037838 0.034314
113 26 0 0.837418 0.548649 0.156757 0.081699
113 28 0 0.852941 0.532432 0.062162 0.074346
113 32 0 0.871732 0.545946 0.102703 0.079248
113 33 0 0.825980 0.489189 0.037838 0.047386
114 0 2 0.117647 0.800000 0.772973 0.113562
114 1 2 0.412582 0.516216 0.208108 0.031046
114 16 0 0.725490 0.470270 0.037838 0.034314
114 26 0 0.837418 0.548649 0.156757 0.081699
114 28 0 0.858660 0.540541 0.078378 0.080065
114 32 0 0.879902 0.545946 0.097297 0.080065
114 33 0 0.825980 0.483784 0.035135 0.048203
115 0 2 0.117647 0.800000 0.772973 0.113562
115 1 2 0.416667 0.516216 0.210811 0.032680
115 16 0 0.725490 0.470270 0.037838 0.034314
115 28 0 0.861928 0.537838 0.094595 0.079248
115 32 0 0.886438 0.545946 0.108108 0.080065
115 33 0 0.825980 0.483784 0.035135 0.048203
116 0 2 0.117647 0.800000 0.772973 0.113562
116 1 2 0.422386 0.516216 0.224324 0.032680
116 16 0 0.725490 0.470270 0.037838 0.034314
116 28 0 0.866013 0.537838 0.110811 0.079248
116 32 0 0.891340 0.543243 0.121622 0.082516
116 33 0 0.825980 0.481081 0.037838 0.050654
117 0 2 0.117647 0.800000 0.772973 0.113562
117 1 2 0.428105 0.516216 0.232432 0.032680
117 16 0 0.726307 0.470270 0.037838 0.034314
117 28 0 0.873366 0.535135 0.108108 0.080065
117 32 0 0.897059 0.537838 0.110811 0.079248
117 33 0 0.825980 0.481081 0.040541 0.050654
118 0 2 0.117647 0.800000 0.772973 0.113562
118 1 2 0.433007 0.516216 0.245946 0.033497
118 16 0 0.726307 0.470270 0.037838 0.034314
118 28 0 0.879085 0.529730 0.102703 0.080065
118 32 0 0.906863 0.535135 0.102703 0.080065
118 33 0 0.825980 0.478378 0.037838 0.049837
119 0 2 0.117647 0.800000 0.772973 0.113562
119 1 2 0.439542 0.518919 0.259459 0.034314
119 16 0 0.726307 0.470270 0.037838 0.034314
119 28 0 0.884804 0.532432 0.105405 0.080065
119 32 0 0.909314 0.537838 0.089189 0.080065
119 33 0 0.825980 0.481081 0.040541 0.050654
120 0 2 0.117647 0.800000 0.772973 0.113562
120 1 2 0.446895 0.516216 0.259459 0.035131
120 16 0 0.726307 0.470270 0.037838 0.034314
120 28 0 0.889706 0.532432 0.102703 0.079248
120 32 0 0.924020 0.532432 0.137838 0.080882
120 33 0 0.825980 0.483784 0.037838 0.049020
120 34 0 0.910131 0.540541 0.070270 0.076797
121 0 2 0.117647 0.800000 0.775676 0.113562
121 1 2 0.453431 0.518919 0.275676 0.035948
121 16 0 0.726307 0.470270 0.037838 0.034314
121 28 0 0.896242 0.527027 0.118919 0.080882
121 32 0 0.923203 0.535135 0.154054 0.079248
121 33 0 0.825980 0.483784 0.037838 0.049020
121 34 0 0.910131 0.540541 0.070270 0.076797
122 0 2 0.117647 0.800000 0.775676 0.113562
122 1 2 0.461601 0.518919 0.281081 0.035131
122 16 0 0.726307 0.470270 0.037838 0.033497
122 28 0 0.899510 0.527027 0.132432 0.079248
122 32 0 0.929739 0.535135 0.124324 0.071078
122 33 0 0.825980 0.483784 0.037838 0.048203
122 34 0 0.910131 0.540541 0.070270 0.076797
123 0 2 0.117647 0.800000 0.775676 0.113562
123 1 2 0.466503 0.518919 0.264865 0.035948
123 16 0 0.726307 0.470270 0.037838 0.033497
123 28 0 0.908497 0.521622 0.116216 0.078431
123 32 0 0.936275 0.532432 0.105405 0.077614
123 33 0 0.825980 0.486486 0.037838 0.047386
123 34 0 0.910131 0.540541 0.070270 0.076797
124 0 2 0.117647 0.800000 0.775676 0.113562
124 1 2 0.469771 0.518919 0.237838 0.036765
124 16 0 0.725490 0.470270 0.037838 0.033497
124 28 0 0.915033 0.518919 0.102703 0.075163
124 32 0 0.941176 0.527027 0.110811 0.077614
124 33 0 0.825980 0.486486 0.037838 0.046569
124 34 0 0.910131 0.540541 0.070270 0.076797
125 0 2 0.117647 0.800000 0.775676 0.113562
125 1 2 0.473856 0.521622 0.216216 0.037582
125 16 0 0.725490 0.470270 0.035135 0.034314
125 28 0 0.919118 0.518919 0.100000 0.077614
125 32 0 0.946895 0.529730 0.108108 0.077614
125 33 0 0.825163 0.483784 0.040541 0.049020
125 34 0 0.910131 0.540541 0.070270 0.076797
126 0 2 0.117647 0.800000 0.775676 0.113562
126 1 2 0.477124 0.518919 0.186486 0.036765
126 16 0 0.726307 0.470270 0.037838 0.034314
126 28 0 0.925654 0.518919 0.108108 0.075980
126 32 0 0.952614 0.524324 0.113514 0.075980
126 33 0 0.825163 0.483784 0.040541 0.049020
127 0 2 0.117647 0.800000 0.775676 0.113562
127 1 2 0.481209 0.518919 0.159459 0.035948
127 16 0 0.725490 0.470270 0.035135 0.034314
127 28 0 0.929739 0.516216 0.113514 0.076797
127 32 0 0.958333 0.521622 0.108108 0.076797
127 33 0 0.825980 0.481081 0.037838 0.049020
128 0 2 0.117647 0.800000 0.775676 0.113562
128 1 2 0.486928 0.516216 0.127027 0.036765
128 16 0 0.725490 0.470270 0.035135 0.034314
128 28 0 0.936275 0.510811 0.108108 0.080065
128 32 0 0.963235 0.513514 0.100000 0.078431
128 33 0 0.825980 0.481081 0.037838 0.049020
128 35 2 0.477124 0.472973 0.067568 0.013072
129 0 2 0.117647 0.800000 0.772973 0.113562
129 1 2 0.491013 0.521622 0.094595 0.033497
129 16 0 0.726307 0.470270 0.037838 0.034314
129 28 0 0.941176 0.505405 0.102703 0.079248
129 32 0 0.965686 0.510811 0.100000 0.077614
129 33 0 0.825980 0.481081 0.037838 0.049837
129 35 2 0.477124 0.472973 0.067568 0.013072
130 0 2 0.117647 0.800000 0.772973 0.113562
130 1 2 0.495915 0.521622 0.062162 0.035131
130 16 0 0.726307 0.470270 0.037838 0.034314
130 28 0 0.944444 0.505405 0.102703 0.077614
130 32 0 0.966503 0.521622 0.072973 0.071895
130 33 0 0.825980 0.481081 0.037838 0.050654
130 35 2 0.477124 0.472973 0.067568 0.013072
130 36 0 0.978758 0.518919 0.140541 0.073529
131 0 2 0.117647 0.800000 0.772973 0.113562
131 1 2 0.500000 0.513514 0.035135 0.027778
131 16 0 0.726307 0.470270 0.037838 0.034314
131 28 0 0.951797 0.505405 0.113514 0.078431
131 32 0 0.966503 0.521622 0.072973 0.071895
131 33 0 0.825980 0.481081 0.043243 0.049837
131 35 2 0.477124 0.472973 0.067568 0.013072
131 36 0 0.975490 0.513514 0.110811 0.076797
132 0 2 0.117647 0.800000 0.772973 0.113562
132 1 2 0.500000 0.513514 0.035135 0.027778
132 16 0 0.726307 0.470270 0.037838 0.033497
132 28 0 0.956699 0.505405 0.118919 0.077614
132 32 0 0.980392 0.508108 0.105405 0.074346
132 33 0 0.825980 0.481081 0.043243 0.049837
132 35 2 0.477124 0.472973 0.067568 0.013072
132 36 0 0.975490 0.513514 0.110811 0.076797
133 0 2 0.117647 0.800000 0.772973 0.113562
133 1 2 0.500000 0.513514 0.035135 0.027778
133 16 0 0.726307 0.470270 0.037838 0.033497
133 28 0 0.960784 0.502703 0.129730 0.077614
133 32 0 0.988562 0.508108 0.075676 0.078431
133 33 0 0.825980 0.481081 0.043243 0.049837
133 35 2 0.477124 0.472973 0.067568 0.013072
133 36 0 0.975490 0.513514 0.110811 0.076797
134 0 2 0.117647 0.800000 0.772973 0.113562
134 1 2 0.500000 0.513514 0.035135 0.027778
134 16 0 0.726307 0.470270 0.037838 0.033497
134 28 0 0.968954 0.500000 0.116216 0.079248
134 32 0 0.991013 0.508108 0.056757 0.078431
134 33 0 0.825980 0.481081 0.043243 0.049837
134 36 0 0.975490 0.513514 0.110811 0.076797
135 0 2 0.117647 0.800000 0.772973 0.113562
135 1 2 0.500000 0.513514 0.035135 0.027778
135 16 0 0.726307 0.470270 0.037838 0.033497
135 28 0 0.973039 0.494595 0.110811 0.078431
135 32 0 0.992647 0.521622 0.048649 0.069444
135 33 0 0.825163 0.486486 0.040541 0.047386
135 36 0 0.975490 0.513514 0.110811 0.076797
136 0 2 0.117647 0.800000 0.772973 0.113562
136 1 2 0.500000 0.513514 0.035135 0.027778
136 16 0 0.726307 0.470270 0.037838 0.033497
136 28 0 0.979575 0.500000 0.118919 0.080065
136 32 0 0.992647 0.521622 0.048649 0.069444
136 33 0 0.825163 0.486486 0.040541 0.047386
136 36 0 0.975490 0.513514 0.110811 0.076797
137 0 2 0.117647 0.800000 0.775676 0.113562
137 16 0 0.726307 0.470270 0.037838 0.033497
137 28 0 0.982026 0.500000 0.108108 0.078431
137 32 0 0.992647 0.521622 0.048649 0.069444
137 33 0 0.825163 0.486486 0.040541 0.047386
138 0 2 0.117647 0.800000 0.772973 0.113562
138 16 0 0.726307 0.470270 0.037838 0.033497
138 28 0 0.985294 0.502703 0.097297 0.075163
138 32 0 0.992647 0.521622 0.048649 0.069444
138 33 0 0.825163 0.486486 0.040541 0.047386
139 0 2 0.117647 0.800000 0.772973 0.113562
139 16 0 0.726307 0.470270 0.037838 0.033497
139 28 0 0.986928 0.494595 0.086486 0.075163
139 32 0 0.992647 0.521622 0.048649 0.069444
139 33 0 0.825163 0.486486 0.040541 0.047386
140 0 2 0.117647 0.800000 0.772973 0.113562
140 16 0 0.726307 0.470270 0.037838 0.032680
140 28 0 0.988562 0.489189 0.075676 0.075980
140 32 0 0.992647 0.521622 0.048649 0.069444
140 33 0 0.825163 0.486486 0.040541 0.047386
140 37 2 0.718137 0.527027 0.045946 0.021242
141 0 2 0.117647 0.800000 0.775676 0.113562
141 16 0 0.726307 0.470270 0.037838 0.032680
141 28 0 0.991013 0.497297 0.059459 0.074346
141 37 2 0.726307 0.524324 0.097297 0.027778
141 38 0 0.468137 0.481081 0.032432 0.022059
141 39 0 0.481209 0.481081 0.024324 0.018791
142 0 2 0.117647 0.800000 0.775676 0.113562
142 16 0 0.726307 0.470270 0.037838 0.032680
142 28 0 0.992647 0.508108 0.045946 0.068627
142 37 2 0.733660 0.516216 0.148649 0.031863
142 38 0 0.468137 0.481081 0.032432 0.022059
142 39 0 0.482026 0.483784 0.021622 0.017974
142 40 0 0.825163 0.486486 0.040541 0.046569
143 0 2 0.117647 0.800000 0.775676 0.113562
143 16 0 0.726307 0.470270 0.037838 0.032680
143 28 0 0.994281 0.513514 0.037838 0.062908
143 37 2 0.741013 0.508108 0.197297 0.038399
143 38 0 0.468137 0.481081 0.032432 0.022059
143 39 0 0.482026 0.483784 0.021622 0.017974
143 40 0 0.825163 0.483784 0.040541 0.048203
144 0 2 0.117647 0.800000 0.775676 0.113562
144 16 0 0.726307 0.470270 0.037838 0.032680
144 28 0 0.994281 0.513514 0.037838 0.062908
144 37 2 0.748366 0.508108 0.251351 0.039216
144 38 0 0.468137 0.481081 0.032432 0.022059
144 39 0 0.482026 0.483784 0.021622 0.017974
144 40 0 0.825163 0.483784 0.040541 0.048203
145 0 2 0.117647 0.800000 0.775676 0.113562
145 16 0 0.726307 0.470270 0.037838 0.032680
145 28 0 0.994281 0.513514 0.037838 0.062908
145 37 2 0.755719 0.505405 0.297297 0.039216
145 38 0 0.468137 0.481081 0.032432 0.022059
145 39 0 0.482026 0.483784 0.021622 0.017974
145 40 0 0.825163 0.483784 0.040541 0.048203
146 0 2 0.117647 0.800000 0.775676 0.113562
146 28 0 0.994281 0.513514 0.037838 0.062908
146 37 2 0.762255 0.505405 0.343243 0.039216
146 38 0 0.468137 0.481081 0.032432 0.022059
146 39 0 0.482026 0.483784 0.021622 0.017974
146 40 0 0.825163 0.486486 0.040541 0.045752
147 0 2 0.117647 0.800000 0.775676 0.113562
147 28 0 0.994281 0.513514 0.037838 0.062908
147 37 2 0.770425 0.505405 0.381081 0.041667
147 39 0 0.482026 0.483784 0.021622 0.017974
147 40 0 0.825163 0.486486 0.040541 0.045752
147 41 0 0.481209 0.483784 0.024324 0.017974
148 0 2 0.117647 0.800000 0.775676 0.113562
148 28 0 0.994281 0.513514 0.037838 0.062908
148 37 2 0.777778 0.502703 0.345946 0.040033
148 40 0 0.825163 0.486486 0.040541 0.045752
148 41 0 0.481209 0.483784 0.024324 0.017974
148 42 0 0.724673 0.470270 0.035135 0.034314
149 0 2 0.117647 0.800000 0.775676 0.113562
149 37 2 0.803105 0.505405 0.410811 0.039216
149 40 0 0.825163 0.486486 0.040541 0.045752
149 41 0 0.481209 0.483784 0.021622 0.017974
149 42 0 0.725490 0.470270 0.035135 0.032680
150 0 2 0.117647 0.800000 0.775676 0.113562
150 37 2 0.819444 0.500000 0.410811 0.041667
150 40 0 0.825163 0.486486 0.040541 0.045752
150 41 0 0.481209 0.483784 0.021622 0.017974
150 42 0 0.725490 0.470270 0.032432 0.033497
151 0 2 0.117647 0.800000 0.775676 0.113562
151 37 2 0.834150 0.502703 0.413514 0.041667
151 40 0 0.825163 0.486486 0.040541 0.045752
151 41 0 0.481209 0.483784 0.021622 0.017974
151 42 0 0.725490 0.470270 0.035135 0.032680
152 0 2 0.117647 0.800000 0.775676 0.113562
152 37 2 0.850490 0.500000 0.405405 0.043301
152 41 0 0.481209 0.483784 0.021622 0.017974
152 42 0 0.725490 0.470270 0.035135 0.032680
152 43 2 0.796569 0.497297 0.056757 0.018791
153 0 2 0.117647 0.800000 0.775676 0.113562
153 37 2 0.870098 0.497297 0.394595 0.039216
153 41 0 0.481209 0.483784 0.021622 0.017974
153 42 0 0.725490 0.470270 0.032432 0.032680
153 43 2 0.796569 0.497297 0.056757 0.018791
154 0 2 0.117647 0.800000 0.775676 0.113562
154 37 2 0.886438 0.494595 0.394595 0.039216
154 41 0 0.481209 0.483784 0.021622 0.017974
154 42 0 0.725490 0.470270 0.032432 0.032680
154 43 2 0.796569 0.497297 0.056757 0.018791
155 0 2 0.117647 0.800000 0.775676 0.113562
155 37 2 0.904412 0.491892 0.378378 0.039216
155 42 0 0.725490 0.470270 0.032432 0.032680
155 43 2 0.796569 0.497297 0.056757 0.018791
155 44 0 0.825980 0.481081 0.037838 0.049020
156 0 2 0.117647 0.800000 0.775676 0.113562
156 37 2 0.915850 0.491892 0.410811 0.039216
156 42 0 0.725490 0.470270 0.032432 0.032680
156 43 2 0.796569 0.497297 0.056757 0.018791
156 44 0 0.825980 0.481081 0.037838 0.049020
157 0 2 0.117647 0.800000 0.775676 0.113562
157 37 2 0.935458 0.483784 0.424324 0.038399
157 42 0 0.725490 0.467568 0.035135 0.033497
157 43 2 0.796569 0.497297 0.056757 0.018791
157 44 0 0.825980 0.481081 0.037838 0.049020
157 45 0 0.916667 0.537838 0.051351 0.032680
158 0 2 0.117647 0.800000 0.772973 0.113562
158 37 2 0.942810 0.483784 0.375676 0.039216
158 42 0 0.725490 0.470270 0.035135 0.032680
158 44 0 0.825980 0.481081 0.037838 0.049020
158 45 0 0.916667 0.537838 0.051351 0.032680
158 46 2 0.459150 0.467568 0.056757 0.010621
159 0 2 0.117647 0.800000 0.772973 0.113562
159 37 2 0.951797 0.481081 0.318919 0.038399
159 42 0 0.725490 0.467568 0.035135 0.033497
159 44 0 0.825980 0.481081 0.037838 0.049020
159 45 0 0.916667 0.537838 0.051351 0.032680
159 46 2 0.459150 0.467568 0.062162 0.011438
160 0 2 0.117647 0.800000 0.775676 0.113562
160 37 2 0.959967 0.478378 0.264865 0.039216
160 42 0 0.725490 0.470270 0.035135 0.032680
160 44 0 0.825980 0.481081 0.037838 0.049837
160 45 0 0.916667 0.537838 0.051351 0.032680
160 46 2 0.458333 0.467568 0.056757 0.010621
161 0 2 0.117647 0.800000 0.775676 0.113562
161 37 2 0.967320 0.478378 0.213514 0.038399
161 42 0 0.725490 0.470270 0.035135 0.032680
161 44 0 0.825980 0.483784 0.037838 0.049020
161 45 0 0.916667 0.537838 0.051351 0.032680
161 46 2 0.458333 0.467568 0.059459 0.009804
162 0 2 0.117647 0.800000 0.775676 0.113562
162 37 2 0.976307 0.481081 0.156757 0.031863
162 42 0 0.725490 0.470270 0.032432 0.032680
162 44 0 0.825980 0.483784 0.037838 0.049020
162 45 0 0.916667 0.537838 0.051351 0.032680
162 46 2 0.457516 0.467568 0.059459 0.009804
162 47 2 0.482026 0.483784 0.078378 0.016340
163 0 2 0.117647 0.800000 0.775676 0.113562
163 37 2 0.984477 0.478378 0.100000 0.028595
163 42 0 0.725490 0.470270 0.032432 0.033497
163 44 0 0.825980 0.483784 0.037838 0.048203
163 46 2 0.455882 0.464865 0.056757 0.008987
163 47 2 0.482026 0.483784 0.078378 0.016340
164 0 2 0.117647 0.800000 0.775676 0.113562
164 37 2 0.984477 0.478378 0.100000 0.028595
164 42 0 0.725490 0.470270 0.032432 0.032680
164 44 0 0.825980 0.483784 0.037838 0.048203
164 46 2 0.455065 0.467568 0.059459 0.009804
164 47 2 0.482026 0.483784 0.078378 0.016340
165 0 2 0.117647 0.800000 0.772973 0.113562
165 37 2 0.984477 0.478378 0.100000 0.028595
165 42 0 0.725490 0.470270 0.032432 0.032680
165 44 0 0.825980 0.483784 0.037838 0.048203
165 46 2 0.453431 0.467568 0.056757 0.009804
165 47 2 0.482026 0.483784 0.078378 0.016340
166 0 2 0.117647 0.800000 0.775676 0.113562
166 37 2 0.984477 0.478378 0.100000 0.028595
166 42 0 0.725490 0.470270 0.032432 0.032680
166 44 0 0.825980 0.483784 0.037838 0.048203
166 46 2 0.453431 0.467568 0.059459 0.009804
166 47 2 0.482026 0.483784 0.078378 0.016340
167 0 2 0.117647 0.800000 0.772973 0.113562
167 37 2 0.984477 0.478378 0.100000 0.028595
167 42 0 0.725490 0.470270 0.032432 0.032680
167 44 0 0.825980 0.483784 0.037838 0.048203
167 46 2 0.450980 0.467568 0.056757 0.011438
167 47 2 0.482026 0.483784 0.078378 0.016340
168 0 2 0.117647 0.800000 0.772973 0.113562
168 37 2 0.984477 0.478378 0.100000 0.028595
168 42 0 0.725490 0.470270 0.032432 0.032680
168 44 0 0.825980 0.483784 0.037838 0.048203
168 46 2 0.449346 0.467568 0.054054 0.011438
169 0 2 0.117647 0.800000 0.772973 0.113562
169 42 0 0.725490 0.470270 0.032432 0.032680
169 44 0 0.825980 0.483784 0.037838 0.048203
169 46 2 0.449346 0.467568 0.054054 0.011438
170 0 2 0.117647 0.800000 0.772973 0.113562
170 42 0 0.725490 0.470270 0.032432 0.032680
170 44 0 0.825980 0.483784 0.037838 0.048203
170 46 2 0.449346 0.467568 0.054054 0.011438
171 0 2 0.117647 0.800000 0.772973 0.113562
171 42 0 0.725490 0.470270 0.032432 0.032680
171 44 0 0.825980 0.483784 0.037838 0.048203
171 46 2 0.449346 0.467568 0.054054 0.011438
172 0 2 0.117647 0.800000 0.772973 0.113562
172 42 0 0.724673 0.470270 0.029730 0.032680
172 46 2 0.449346 0.467568 0.054054 0.011438
173 0 2 0.117647 0.800000 0.772973 0.113562
173 42 0 0.724673 0.470270 0.029730 0.032680
173 46 2 0.441993 0.470270 0.067568 0.011438
173 48 2 0.460784 0.467568 0.064865 0.011438
174 0 2 0.117647 0.800000 0.772973 0.113562
174 42 0 0.725490 0.470270 0.032432 0.032680
174 46 2 0.441176 0.470270 0.064865 0.012255
174 48 2 0.457516 0.467568 0.051351 0.010621
175 0 2 0.117647 0.800000 0.772973 0.113562
175 42 0 0.725490 0.470270 0.032432 0.032680
175 46 2 0.438725 0.470270 0.067568 0.011438
175 48 2 0.455882 0.467568 0.067568 0.010621
176 0 2 0.117647 0.800000 0.772973 0.113562
176 42 0 0.725490 0.470270 0.035135 0.032680
176 46 2 0.437908 0.470270 0.075676 0.011438
176 48 2 0.455882 0.467568 0.067568 0.010621
177 0 2 0.117647 0.800000 0.772973 0.113562
177 42 0 0.725490 0.470270 0.032432 0.032680
177 46 2 0.437908 0.470270 0.075676 0.011438
177 48 2 0.445261 0.470270 0.062162 0.012255
178 0 2 0.117647 0.800000 0.772973 0.113562
178 42 0 0.725490 0.470270 0.035135 0.032680
178 46 2 0.437908 0.470270 0.075676 0.011438
178 48 2 0.443627 0.475676 0.064865 0.013072
179 0 2 0.117647 0.800000 0.772973 0.113562
179 42 0 0.725490 0.470270 0.035135 0.032680
179 46 2 0.437908 0.470270 0.075676 0.011438
179 48 2 0.438725 0.472973 0.064865 0.011438
180 0 2 0.117647 0.800000 0.772973 0.113562
180 42 0 0.725490 0.470270 0.035135 0.032680
180 46 2 0.437908 0.470270 0.075676 0.011438
180 48 2 0.438725 0.472973 0.064865 0.011438
181 0 2 0.117647 0.800000 0.772973 0.113562
181 42 0 0.725490 0.470270 0.035135 0.032680
181 46 2 0.437908 0.470270 0.075676 0.011438
181 48 2 0.426471 0.475676 0.113514 0.013072
182 0 2 0.117647 0.800000 0.772973 0.113562
182 42 0 0.725490 0.470270 0.035135 0.032680
182 48 2 0.421569 0.472973 0.094595 0.013072
183 0 2 0.117647 0.800000 0.772973 0.113562
183 42 0 0.725490 0.470270 0.035135 0.032680
183 48 2 0.419935 0.472973 0.089189 0.012255
184 0 2 0.117647 0.800000 0.772973 0.113562
184 42 0 0.725490 0.470270 0.035135 0.032680
184 48 2 0.417484 0.491892 0.102703 0.022876
185 0 2 0.117647 0.800000 0.772973 0.113562
185 42 0 0.725490 0.470270 0.035135 0.032680
185 48 2 0.417484 0.491892 0.102703 0.022876
186 0 2 0.117647 0.800000 0.772973 0.113562
186 42 0 0.725490 0.470270 0.035135 0.032680
186 48 2 0.407680 0.475676 0.067568 0.012255
187 0 2 0.117647 0.800000 0.772973 0.113562
187 42 0 0.725490 0.470270 0.035135 0.032680
187 48 2 0.406863 0.478378 0.075676 0.013072
187 49 0 0.490196 0.486486 0.027027 0.017974
188 0 2 0.117647 0.800000 0.772973 0.113562
188 42 0 0.725490 0.470270 0.035135 0.032680
188 48 2 0.402778 0.478378 0.072973 0.013072
188 49 0 0.489379 0.486486 0.029730 0.017974
189 0 2 0.117647 0.800000 0.772973 0.113562
189 42 0 0.725490 0.470270 0.035135 0.032680
189 48 2 0.399510 0.481081 0.072973 0.015523
189 49 0 0.489379 0.486486 0.029730 0.017974
189 50 2 0.356209 0.462162 0.056757 0.015523
190 0 2 0.117647 0.800000 0.772973 0.113562
190 42 0 0.725490 0.470270 0.035135 0.032680
190 48 2 0.397876 0.483784 0.083784 0.016340
190 49 0 0.489379 0.486486 0.029730 0.017974
190 50 2 0.356209 0.462162 0.056757 0.015523
191 0 2 0.117647 0.800000 0.772973 0.113562
191 42 0 0.725490 0.470270 0.035135 0.032680
191 48 2 0.395425 0.483784 0.081081 0.017157
191 49 0 0.489379 0.486486 0.029730 0.017974
191 50 2 0.356209 0.462162 0.056757 0.015523
192 0 2 0.117647 0.800000 0.772973 0.113562
192 42 0 0.725490 0.470270 0.035135 0.032680
192 48 2 0.390523 0.486486 0.078378 0.016340
192 49 0 0.489379 0.486486 0.029730 0.017974
192 50 2 0.356209 0.462162 0.056757 0.015523
192 51 2 0.413399 0.508108 0.124324 0.017157
192 52 2 0.457516 0.467568 0.056757 0.010621
193 0 2 0.117647 0.800000 0.772973 0.113562
193 42 0 0.725490 0.470270 0.035135 0.032680
193 48 2 0.388889 0.486486 0.081081 0.016340
193 49 0 0.489379 0.486486 0.029730 0.017974
193 50 2 0.356209 0.462162 0.056757 0.015523
193 51 2 0.413399 0.508108 0.124324 0.017157
193 52 2 0.457516 0.470270 0.048649 0.010621
194 0 2 0.117647 0.800000 0.772973 0.113562
194 42 0 0.725490 0.470270 0.035135 0.032680
194 48 2 0.385621 0.486486 0.083784 0.017974
194 50 2 0.356209 0.462162 0.056757 0.015523
194 51 2 0.413399 0.508108 0.124324 0.017157
194 52 2 0.455065 0.467568 0.056757 0.010621
195 0 2 0.117647 0.800000 0.772973 0.113562
195 42 0 0.725490 0.470270 0.035135 0.032680
195 48 2 0.383987 0.489189 0.089189 0.017974
195 51 2 0.413399 0.508108 0.124324 0.017157
195 52 2 0.454248 0.467568 0.054054 0.010621
196 0 2 0.117647 0.800000 0.772973 0.113562
196 42 0 0.725490 0.470270 0.035135 0.032680
196 48 2 0.383170 0.489189 0.089189 0.019608
196 51 2 0.413399 0.508108 0.124324 0.017157
196 52 2 0.454248 0.467568 0.054054 0.010621
197 0 2 0.117647 0.800000 0.775676 0.113562
197 42 0 0.725490 0.470270 0.035135 0.032680
197 48 2 0.381536 0.491892 0.086486 0.018791
197 51 2 0.413399 0.508108 0.124324 0.017157
197 52 2 0.454248 0.467568 0.054054 0.010621
198 0 2 0.117647 0.800000 0.775676 0.113562
198 42 0 0.725490 0.470270 0.035135 0.033497
198 48 2 0.379085 0.491892 0.086486 0.018791
198 52 2 0.454248 0.467568 0.054054 0.010621
199 0 2 0.117647 0.800000 0.775676 0.113562
199 42 0 0.725490 0.470270 0.035135 0.033497
199 48 2 0.377451 0.494595 0.089189 0.018791
199 52 2 0.454248 0.467568 0.054054 0.010621
200 0 2 0.117647 0.800000 0.775676 0.113562
200 42 0 0.725490 0.470270 0.035135 0.033497
200 48 2 0.375817 0.497297 0.083784 0.019608
200 52 2 0.440359 0.470270 0.048649 0.009804
201 0 2 0.117647 0.800000 0.775676 0.113562
201 42 0 0.725490 0.470270 0.032432 0.033497
201 48 2 0.373366 0.497297 0.089189 0.021242
201 52 2 0.437908 0.472973 0.045946 0.009804
202 0 2 0.117647 0.800000 0.775676 0.113562
202 42 0 0.725490 0.470270 0.032432 0.033497
202 48 2 0.372549 0.497297 0.091892 0.022059
202 52 2 0.436275 0.472973 0.054054 0.012255
202 53 2 0.359477 0.483784 0.059459 0.015523
203 0 2 0.117647 0.800000 0.775676 0.113562
203 42 0 0.725490 0.470270 0.032432 0.033497
203 48 2 0.370915 0.500000 0.094595 0.021242
203 52 2 0.432190 0.472973 0.045946 0.011438
203 53 2 0.359477 0.483784 0.059459 0.015523
204 0 2 0.117647 0.800000 0.772973 0.113562
204 42 0 0.725490 0.470270 0.035135 0.033497
204 48 2 0.369281 0.500000 0.097297 0.022059
204 52 2 0.432190 0.472973 0.045946 0.011438
204 53 2 0.359477 0.483784 0.059459 0.015523
205 0 2 0.117647 0.800000 0.772973 0.113562
205 42 0 0.725490 0.470270 0.035135 0.033497
205 48 2 0.368464 0.502703 0.100000 0.021242
205 52 2 0.432190 0.472973 0.045946 0.011438
205 53 2 0.352124 0.486486 0.075676 0.017974
206 0 2 0.117647 0.800000 0.772973 0.113562
206 42 0 0.725490 0.470270 0.032432 0.033497
206 48 2 0.366830 0.502703 0.100000 0.022059
206 52 2 0.432190 0.472973 0.045946 0.011438
206 53 2 0.350490 0.486486 0.070270 0.017974
207 0 2 0.117647 0.800000 0.772973 0.113562
207 42 0 0.725490 0.470270 0.032432 0.033497
207 48 2 0.366013 0.505405 0.097297 0.022059
207 52 2 0.419935 0.475676 0.072973 0.013072
207 53 2 0.351307 0.475676 0.064865 0.018791
208 0 2 0.117647 0.800000 0.772973 0.113562
208 42 0 0.724673 0.470270 0.029730 0.033497
208 48 2 0.365196 0.505405 0.100000 0.023693
208 52 2 0.418301 0.494595 0.089189 0.024510
208 53 2 0.345588 0.489189 0.072973 0.016340
209 0 2 0.117647 0.800000 0.772973 0.113562
209 42 0 0.724673 0.470270 0.029730 0.033497
209 48 2 0.365196 0.508108 0.102703 0.023693
209 52 2 0.417484 0.478378 0.072973 0.015523
209 53 2 0.345588 0.489189 0.072973 0.016340
210 0 2 0.117647 0.800000 0.772973 0.113562
210 42 0 0.724673 0.472973 0.029730 0.032680
210 48 2 0.365196 0.510811 0.102703 0.024510
210 52 2 0.417484 0.478378 0.072973 0.015523
210 53 2 0.347222 0.486486 0.054054 0.013072
211 0 2 0.117647 0.800000 0.772973 0.113562
211 42 0 0.724673 0.472973 0.029730 0.032680
211 48 2 0.366013 0.510811 0.108108 0.025327
211 52 2 0.417484 0.478378 0.072973 0.015523
211 53 2 0.339869 0.489189 0.089189 0.017157
212 0 2 0.117647 0.800000 0.772973 0.113562
212 42 0 0.724673 0.470270 0.029730 0.033497
212 48 2 0.367647 0.513514 0.113514 0.026144
212 52 2 0.406863 0.481081 0.070270 0.011438
212 53 2 0.340686 0.489189 0.064865 0.014706
213 0 2 0.117647 0.800000 0.772973 0.113562
213 42 0 0.725490 0.470270 0.032432 0.033497
213 48 2 0.369281 0.513514 0.129730 0.027778
213 52 2 0.402778 0.481081 0.072973 0.012255
213 53 2 0.339052 0.489189 0.070270 0.015523
214 0 2 0.117647 0.800000 0.772973 0.113562
214 42 0 0.725490 0.470270 0.032432 0.033497
214 48 2 0.371732 0.513514 0.143243 0.028595
214 52 2 0.400327 0.483784 0.062162 0.013889
214 53 2 0.333333 0.491892 0.083784 0.017157
215 0 2 0.117647 0.800000 0.772973 0.113562
215 42 0 0.725490 0.470270 0.032432 0.033497
215 48 2 0.377451 0.513514 0.159459 0.028595
215 52 2 0.400327 0.491892 0.078378 0.017974
215 53 2 0.329248 0.491892 0.102703 0.018791
215 54 2 0.353758 0.472973 0.086486 0.020425
216 0 2 0.117647 0.800000 0.772973 0.113562
216 42 0 0.725490 0.470270 0.032432 0.033497
216 48 2 0.382353 0.513514 0.172973 0.029412
216 52 2 0.410131 0.497297 0.118919 0.021242
216 53 2 0.326797 0.494595 0.094595 0.018791
216 54 2 0.353758 0.475676 0.094595 0.021242
217 0 2 0.117647 0.800000 0.772973 0.113562
217 42 0 0.725490 0.470270 0.032432 0.033497
217 48 2 0.389706 0.513514 0.189189 0.030229
217 52 2 0.410131 0.497297 0.118919 0.021242
217 53 2 0.324346 0.497297 0.105405 0.019608
217 54 2 0.352124 0.472973 0.094595 0.022059
218 0 2 0.117647 0.800000 0.772973 0.113562
218 42 0 0.725490 0.470270 0.032432 0.033497
218 48 2 0.398693 0.516216 0.216216 0.031046
218 52 2 0.410131 0.497297 0.118919 0.021242
218 53 2 0.321078 0.497297 0.102703 0.017974
218 54 2 0.352941 0.472973 0.097297 0.021242
219 0 2 0.117647 0.800000 0.772973 0.113562
219 42 0 0.725490 0.470270 0.032432 0.033497
219 48 2 0.407680 0.513514 0.237838 0.031046
219 52 2 0.410131 0.497297 0.118919 0.021242
219 53 2 0.318627 0.497297 0.105405 0.019608
219 54 2 0.352941 0.472973 0.097297 0.021242
220 0 2 0.117647 0.800000 0.772973 0.113562
220 42 0 0.725490 0.470270 0.032432 0.033497
220 48 2 0.419118 0.513514 0.256757 0.032680
220 52 2 0.410131 0.497297 0.118919 0.021242
220 53 2 0.316176 0.497297 0.102703 0.021242
220 54 2 0.351307 0.472973 0.108108 0.021242
220 55 2 0.374183 0.483784 0.045946 0.013889
221 0 2 0.117647 0.800000 0.772973 0.113562
221 42 0 0.725490 0.470270 0.032432 0.033497
221 48 2 0.432190 0.513514 0.272973 0.033497
221 52 2 0.410131 0.497297 0.118919 0.021242
221 53 2 0.312908 0.494595 0.102703 0.018791
221 54 2 0.350490 0.472973 0.108108 0.022059
221 55 2 0.374183 0.483784 0.045946 0.013889
221 56 2 0.389706 0.486486 0.064865 0.017157
222 0 2 0.117647 0.800000 0.772973 0.113562
222 42 0 0.725490 0.470270 0.032432 0.033497
222 48 2 0.446078 0.516216 0.300000 0.034314
222 53 2 0.310458 0.500000 0.113514 0.019608
222 54 2 0.351307 0.475676 0.108108 0.022876
222 55 2 0.374183 0.483784 0.045946 0.013889
222 56 2 0.388072 0.489189 0.070270 0.017974
223 0 2 0.117647 0.800000 0.772973 0.113562
223 42 0 0.725490 0.470270 0.032432 0.033497
223 48 2 0.461601 0.516216 0.297297 0.034314
223 53 2 0.306373 0.502703 0.116216 0.021242
223 54 2 0.350490 0.475676 0.105405 0.022059
223 55 2 0.374183 0.483784 0.045946 0.013889
223 56 2 0.386438 0.491892 0.072973 0.017974
224 0 2 0.117647 0.800000 0.772973 0.113562
224 42 0 0.725490 0.470270 0.032432 0.033497
224 48 2 0.468137 0.513514 0.251351 0.033497
224 53 2 0.303922 0.502703 0.113514 0.022059
224 54 2 0.348039 0.478378 0.124324 0.022876
224 55 2 0.374183 0.483784 0.045946 0.013889
224 56 2 0.384804 0.491892 0.075676 0.017974
225 0 2 0.117647 0.800000 0.772973 0.113562
225 42 0 0.725490 0.470270 0.032432 0.033497
225 48 2 0.476307 0.513514 0.194595 0.033497
225 53 2 0.300654 0.505405 0.116216 0.023693
225 54 2 0.348039 0.478378 0.124324 0.022876
225 55 2 0.374183 0.483784 0.045946 0.013889
225 56 2 0.383170 0.491892 0.072973 0.017157
226 0 2 0.117647 0.800000 0.772973 0.113562
226 42 0 0.725490 0.470270 0.032432 0.033497
226 48 2 0.485294 0.513514 0.132432 0.034314
226 53 2 0.297386 0.508108 0.118919 0.023693
226 54 2 0.348039 0.478378 0.124324 0.022876
226 56 2 0.382353 0.494595 0.075676 0.018791
227 0 2 0.117647 0.800000 0.772973 0.113562
227 42 0 0.725490 0.470270 0.032432 0.033497
227 48 2 0.495915 0.516216 0.070270 0.033497
227 53 2 0.292484 0.508108 0.121622 0.025327
227 54 2 0.348039 0.478378 0.124324 0.022876
227 56 2 0.380719 0.497297 0.072973 0.017974
228 0 2 0.117647 0.800000 0.772973 0.113562
228 42 0 0.725490 0.470270 0.032432 0.033497
228 48 2 0.495915 0.516216 0.070270 0.033497
228 53 2 0.290033 0.510811 0.129730 0.026144
228 54 2 0.348039 0.478378 0.124324 0.022876
228 56 2 0.379085 0.497297 0.078378 0.018791
229 0 2 0.117647 0.800000 0.772973 0.113562
229 42 0 0.725490 0.470270 0.032432 0.033497
229 48 2 0.495915 0.516216 0.070270 0.033497
229 53 2 0.285131 0.513514 0.132432 0.026144
229 54 2 0.348039 0.478378 0.124324 0.022876
229 56 2 0.378268 0.497297 0.075676 0.018791
230 0 2 0.117647 0.800000 0.772973 0.113562
230 42 0 0.725490 0.470270 0.032432 0.033497
230 48 2 0.495915 0.516216 0.070270 0.033497
230 53 2 0.282680 0.513514 0.135135 0.026144
230 54 2 0.354575 0.475676 0.075676 0.021242
230 56 2 0.377451 0.497297 0.081081 0.018791
231 0 2 0.117647 0.800000 0.772973 0.113562
231 42 0 0.725490 0.470270 0.032432 0.033497
231 48 2 0.495915 0.516216 0.070270 0.033497
231 53 2 0.276961 0.516216 0.143243 0.026961
231 54 2 0.354575 0.475676 0.075676 0.021242
231 56 2 0.375817 0.500000 0.078378 0.019608
232 0 2 0.117647 0.800000 0.772973 0.113562
232 42 0 0.725490 0.470270 0.032432 0.033497
232 48 2 0.495915 0.516216 0.070270 0.033497
232 53 2 0.274510 0.516216 0.140541 0.026144
232 54 2 0.354575 0.475676 0.075676 0.021242
232 56 2 0.375000 0.497297 0.081081 0.020425
233 0 2 0.117647 0.800000 0.772973 0.113562
233 42 0 0.725490 0.470270 0.032432 0.033497
233 53 2 0.271242 0.516216 0.135135 0.026961
233 54 2 0.354575 0.475676 0.075676 0.021242
233 56 2 0.373366 0.500000 0.083784 0.019608
234 0 2 0.117647 0.800000 0.772973 0.113562
234 42 0 0.725490 0.470270 0.032432 0.033497
234 53 2 0.267974 0.518919 0.132432 0.028595
234 54 2 0.352941 0.472973 0.075676 0.018791
234 56 2 0.372549 0.500000 0.083784 0.020425
234 57 2 0.728758 0.516216 0.113514 0.026961
235 0 2 0.117647 0.800000 0.772973 0.113562
235 42 0 0.725490 0.470270 0.032432 0.033497
235 53 2 0.263072 0.521622 0.135135 0.029412
235 54 2 0.352941 0.472973 0.075676 0.018791
235 56 2 0.371732 0.502703 0.089189 0.021242
235 57 2 0.739379 0.510811 0.191892 0.028595
236 0 2 0.117647 0.800000 0.775676 0.113562
236 42 0 0.725490 0.470270 0.032432 0.033497
236 53 2 0.253268 0.527027 0.170270 0.033497
236 54 2 0.352941 0.472973 0.075676 0.018791
236 56 2 0.370915 0.502703 0.091892 0.021242
236 57 2 0.750817 0.502703 0.267568 0.035948
237 0 2 0.117647 0.800000 0.772973 0.113562
237 42 0 0.725490 0.470270 0.032432 0.033497
237 53 2 0.247549 0.529730 0.181081 0.032680
237 54 2 0.352941 0.472973 0.075676 0.018791
237 56 2 0.369281 0.502703 0.097297 0.022059
237 57 2 0.767157 0.491892 0.367568 0.042484
238 0 2 0.117647 0.800000 0.772973 0.113562
238 53 2 0.241013 0.532432 0.186486 0.034314
238 54 2 0.352941 0.472973 0.075676 0.018791
238 56 2 0.370098 0.502703 0.089189 0.022059
238 57 2 0.775327 0.494595 0.359459 0.041667
238 58 0 0.323529 0.502703 0.040541 0.022059
239 0 2 0.117647 0.800000 0.772973 0.113562
239 53 2 0.233660 0.535135 0.202703 0.035948
239 54 2 0.352941 0.472973 0.075676 0.018791
239 56 2 0.370915 0.502703 0.089189 0.022059
239 57 2 0.801471 0.497297 0.397297 0.038399
239 58 0 0.321078 0.508108 0.037838 0.024510
240 0 2 0.117647 0.800000 0.772973 0.113562
240 53 2 0.227124 0.540541 0.208108 0.036765
240 56 2 0.372549 0.505405 0.091892 0.022876
240 57 2 0.827614 0.500000 0.397297 0.037582
240 58 0 0.321078 0.508108 0.037838 0.024510
240 59 2 0.795752 0.494595 0.194595 0.036765
240 60 2 0.775327 0.481081 0.081081 0.023693
240 61 0 0.724673 0.470270 0.029730 0.033497
241 0 2 0.117647 0.800000 0.772973 0.113562
241 53 2 0.221405 0.540541 0.232432 0.038399
241 56 2 0.374183 0.505405 0.091892 0.023693
241 57 2 0.854575 0.500000 0.389189 0.035948
241 58 0 0.321078 0.508108 0.037838 0.024510
241 59 2 0.795752 0.489189 0.078378 0.026144
241 60 2 0.775327 0.481081 0.081081 0.023693
241 61 0 0.724673 0.470270 0.029730 0.033497
241 62 0 0.915033 0.532432 0.040541 0.035948
242 0 2 0.117647 0.800000 0.772973 0.113562
242 53 2 0.214052 0.543243 0.262162 0.040033
242 56 2 0.375000 0.505405 0.102703 0.025327
242 57 2 0.880719 0.489189 0.405405 0.037582
242 58 2 0.310458 0.505405 0.064865 0.028595
242 59 2 0.795752 0.489189 0.078378 0.026144
242 60 2 0.775327 0.481081 0.081081 0.023693
242 61 0 0.724673 0.470270 0.029730 0.033497
242 62 0 0.915033 0.535135 0.045946 0.035131
243 0 2 0.117647 0.800000 0.772973 0.113562
243 53 2 0.202614 0.545946 0.256757 0.041667
243 56 2 0.377451 0.508108 0.113514 0.026144
243 57 2 0.882353 0.483784 0.270270 0.035131
243 58 2 0.310458 0.505405 0.064865 0.028595
243 59 2 0.795752 0.489189 0.078378 0.026144
243 60 2 0.775327 0.481081 0.081081 0.023693
243 61 0 0.724673 0.470270 0.029730 0.033497
243 62 0 0.915033 0.527027 0.045946 0.040033
243 63 2 0.940359 0.500000 0.148649 0.026144
244 0 2 0.117647 0.800000 0.772973 0.113562
244 53 2 0.191993 0.551351 0.270270 0.042484
244 56 2 0.379902 0.508108 0.121622 0.026144
244 57 2 0.919118 0.486486 0.435135 0.036765
244 58 2 0.310458 0.505405 0.064865 0.028595
244 59 2 0.795752 0.489189 0.078378 0.026144
244 60 2 0.775327 0.481081 0.081081 0.023693
244 61 0 0.724673 0.470270 0.029730 0.033497
244 62 0 0.915033 0.527027 0.048649 0.040033
244 63 2 0.940359 0.500000 0.148649 0.026144
245 0 2 0.117647 0.800000 0.775676 0.113562
245 53 2 0.183824 0.554054 0.256757 0.044118
245 56 2 0.383987 0.508108 0.129730 0.026144
245 57 2 0.928105 0.483784 0.289189 0.035948
245 58 0 0.292484 0.513514 0.056757 0.032680
245 59 2 0.795752 0.489189 0.078378 0.026144
245 60 2 0.775327 0.481081 0.081081 0.023693
245 61 0 0.725490 0.470270 0.032432 0.033497
245 62 0 0.918301 0.537838 0.048649 0.034314
245 63 2 0.940359 0.500000 0.148649 0.026144
245 64 2 0.890523 0.467568 0.118919 0.024510
246 0 2 0.117647 0.800000 0.775676 0.113562
246 53 2 0.178105 0.556757 0.235135 0.046569
246 56 2 0.388072 0.510811 0.140541 0.026144
246 57 2 0.947712 0.478378 0.337838 0.040033
246 58 0 0.292484 0.513514 0.056757 0.032680
246 59 2 0.795752 0.489189 0.078378 0.026144
246 61 0 0.725490 0.470270 0.032432 0.033497
246 62 0 0.918301 0.537838 0.048649 0.034314
246 63 2 0.940359 0.500000 0.148649 0.026144
246 64 2 0.890523 0.467568 0.118919 0.024510
247 0 2 0.117647 0.800000 0.775676 0.113562
247 53 2 0.156046 0.564865 0.327027 0.049837
247 56 2 0.392974 0.508108 0.151351 0.026961
247 57 2 0.965686 0.478378 0.224324 0.038399
247 58 0 0.292484 0.513514 0.056757 0.032680
247 61 0 0.725490 0.470270 0.032432 0.033497
247 62 0 0.918301 0.537838 0.048649 0.034314
247 63 2 0.932190 0.467568 0.097297 0.026961
247 64 2 0.890523 0.467568 0.118919 0.024510
248 0 2 0.117647 0.800000 0.775676 0.113562
248 53 2 0.140523 0.570270 0.359459 0.052288
248 56 2 0.397876 0.508108 0.159459 0.026961
248 57 2 0.968954 0.475676 0.205405 0.037582
248 58 0 0.292484 0.513514 0.056757 0.032680
248 61 0 0.725490 0.470270 0.032432 0.033497
248 62 0 0.918301 0.537838 0.048649 0.034314
248 63 2 0.932190 0.467568 0.097297 0.026961
248 64 2 0.890523 0.467568 0.118919 0.024510
249 0 2 0.117647 0.800000 0.775676 0.113562
249 53 2 0.125000 0.572973 0.383784 0.054739
249 56 2 0.404412 0.508108 0.167568 0.028595
249 57 2 0.978758 0.478378 0.137838 0.037582
249 58 0 0.292484 0.513514 0.056757 0.032680
249 61 0 0.725490 0.470270 0.032432 0.033497
249 62 0 0.918301 0.537838 0.048649 0.034314
249 63 2 0.932190 0.467568 0.097297 0.026961
249 64 2 0.890523 0.467568 0.118919 0.024510
250 0 2 0.117647 0.800000 0.775676 0.113562
250 53 2 0.105392 0.578378 0.418919 0.055556
250 56 2 0.411765 0.508108 0.178378 0.028595
250 57 2 0.990196 0.481081 0.062162 0.024510
250 58 0 0.292484 0.513514 0.056757 0.032680
250 61 0 0.725490 0.470270 0.032432 0.033497
250 62 0 0.918301 0.537838 0.048649 0.034314
250 63 2 0.932190 0.467568 0.097297 0.026961
250 64 2 0.890523 0.467568 0.118919 0.024510
251 0 2 0.117647 0.802703 0.772973 0.112745
251 53 2 0.089869 0.581081 0.483784 0.055556
251 56 2 0.419118 0.508108 0.191892 0.029412
251 57 2 0.990196 0.481081 0.062162 0.024510
251 61 0 0.724673 0.470270 0.029730 0.033497
251 63 2 0.932190 0.467568 0.097297 0.026961
252 0 2 0.117647 0.800000 0.770270 0.113562
252 53 2 0.066176 0.581081 0.429730 0.054739
252 56 2 0.427288 0.508108 0.200000 0.030229
252 57 2 0.990196 0.481081 0.062162 0.024510
252 61 0 0.724673 0.470270 0.029730 0.033497
252 63 2 0.932190 0.467568 0.097297 0.026961
253 0 2 0.117647 0.800000 0.772973 0.113562
253 53 2 0.058824 0.581081 0.391892 0.054739
253 56 2 0.437092 0.508108 0.205405 0.030229
253 57 2 0.990196 0.481081 0.062162 0.024510
253 61 0 0.724673 0.470270 0.029730 0.033497
254 0 2 0.117647 0.800000 0.772973 0.113562
254 53 2 0.049020 0.572973 0.318919 0.046569
254 56 2 0.446895 0.510811 0.224324 0.031046
254 57 2 0.990196 0.481081 0.062162 0.024510
254 61 0 0.724673 0.470270 0.029730 0.033497
254 65 2 0.184641 0.583784 0.170270 0.045752
255 0 2 0.117647 0.802703 0.772973 0.112745
255 53 2 0.035131 0.559459 0.232432 0.036765
255 56 2 0.456699 0.510811 0.229730 0.031046
255 57 2 0.990196 0.481081 0.062162 0.024510
255 61 0 0.724673 0.470270 0.029730 0.033497
255 65 2 0.165850 0.594595 0.143243 0.046569
255 66 0 0.160948 0.510811 0.075676 0.025327
256 0 2 0.117647 0.802703 0.772973 0.111928
256 53 2 0.020425 0.559459 0.135135 0.031046
256 56 2 0.468954 0.513514 0.237838 0.031046
256 61 0 0.725490 0.470270 0.032432 0.033497
256 65 2 0.129085 0.586486 0.210811 0.035131
256 66 0 0.160948 0.510811 0.075676 0.025327
256 67 2 0.497549 0.513514 0.051351 0.026144
257 0 2 0.117647 0.800000 0.772973 0.113562
257 53 2 0.020425 0.559459 0.135135 0.031046
257 56 2 0.474673 0.510811 0.205405 0.031863
257 61 0 0.725490 0.470270 0.032432 0.034314
257 65 2 0.129085 0.586486 0.210811 0.035131
257 66 0 0.160948 0.510811 0.075676 0.025327
257 67 2 0.497549 0.513514 0.051351 0.026144
258 0 2 0.117647 0.802703 0.772973 0.112745
258 53 2 0.020425 0.559459 0.135135 0.031046
258 56 2 0.479575 0.510811 0.170270 0.031863
258 61 0 0.725490 0.470270 0.032432 0.034314
258 65 2 0.129085 0.586486 0.210811 0.035131
258 66 0 0.160948 0.510811 0.075676 0.025327
258 67 2 0.497549 0.513514 0.051351 0.026144
258 68 0 0.045752 0.532432 0.100000 0.031863
259 0 2 0.117647 0.800000 0.772973 0.114379
259 53 2 0.020425 0.559459 0.135135 0.031046
259 56 2 0.485294 0.510811 0.132432 0.032680
259 61 0 0.725490 0.467568 0.032432 0.033497
259 65 2 0.129085 0.586486 0.210811 0.035131
259 66 0 0.160948 0.510811 0.075676 0.025327
259 67 2 0.497549 0.513514 0.051351 0.026144
259 68 0 0.045752 0.532432 0.100000 0.031863
260 0 2 0.117647 0.800000 0.772973 0.113562
260 53 2 0.020425 0.559459 0.135135 0.031046
260 56 2 0.491830 0.508108 0.089189 0.033497
260 61 0 0.725490 0.467568 0.032432 0.033497
260 65 2 0.129085 0.586486 0.210811 0.035131
260 66 0 0.160948 0.510811 0.075676 0.025327
260 67 2 0.497549 0.513514 0.051351 0.026144
260 68 0 0.045752 0.532432 0.100000 0.031863
261 0 2 0.117647 0.800000 0.772973 0.113562
261 53 2 0.020425 0.559459 0.135135 0.031046
261 56 2 0.491830 0.508108 0.089189 0.033497
261 61 0 0.725490 0.467568 0.032432 0.033497
261 65 2 0.129085 0.586486 0.210811 0.035131
261 67 2 0.498366 0.516216 0.045946 0.031046
261 68 0 0.045752 0.532432 0.100000 0.031863
262 0 2 0.117647 0.800000 0.772973 0.113562
262 56 2 0.491830 0.508108 0.089189 0.033497
262 61 0 0.725490 0.467568 0.032432 0.033497
262 67 2 0.498366 0.516216 0.045946 0.031046
262 68 0 0.045752 0.532432 0.100000 0.031863
263 0 2 0.117647 0.800000 0.772973 0.113562
263 56 2 0.491830 0.508108 0.089189 0.033497
263 61 0 0.725490 0.467568 0.032432 0.033497
263 67 2 0.498366 0.516216 0.045946 0.031046
263 68 0 0.045752 0.532432 0.100000 0.031863
264 0 2 0.117647 0.800000 0.772973 0.113562
264 56 2 0.491830 0.508108 0.089189 0.033497
264 61 0 0.725490 0.467568 0.032432 0.033497
264 67 2 0.498366 0.516216 0.045946 0.031046
265 0 2 0.117647 0.800000 0.772973 0.113562
265 56 2 0.491830 0.508108 0.089189 0.033497
265 61 0 0.725490 0.470270 0.032432 0.033497
265 67 2 0.498366 0.516216 0.045946 0.031046
266 0 2 0.117647 0.800000 0.772973 0.113562
266 61 0 0.725490 0.470270 0.032432 0.033497
266 67 2 0.498366 0.516216 0.045946 0.031046
267 0 2 0.117647 0.800000 0.772973 0.113562
267 61 0 0.725490 0.467568 0.032432 0.033497
268 0 2 0.117647 0.800000 0.772973 0.113562
268 61 0 0.725490 0.470270 0.032432 0.033497
269 0 2 0.117647 0.800000 0.772973 0.113562
269 61 0 0.725490 0.470270 0.032432 0.032680
270 0 2 0.117647 0.800000 0.772973 0.113562
270 61 0 0.725490 0.470270 0.032432 0.032680
270 69 2 0.724673 0.521622 0.086486 0.026144
271 0 2 0.117647 0.800000 0.772973 0.113562
271 61 0 0.725490 0.470270 0.032432 0.032680
271 69 2 0.734477 0.508108 0.151351 0.032680
272 0 2 0.117647 0.800000 0.772973 0.113562
272 61 0 0.725490 0.470270 0.032432 0.032680
272 69 2 0.744281 0.500000 0.221622 0.036765
273 0 2 0.117647 0.800000 0.772973 0.113562
273 61 0 0.725490 0.470270 0.032432 0.032680
273 69 2 0.752451 0.500000 0.283784 0.036765
274 0 2 0.117647 0.800000 0.772973 0.113562
274 61 0 0.725490 0.470270 0.032432 0.032680
274 69 2 0.765523 0.500000 0.337838 0.039216
275 0 2 0.117647 0.800000 0.772973 0.113562
275 69 2 0.780229 0.500000 0.313514 0.038399
275 70 2 0.742647 0.483784 0.072973 0.023693
276 0 2 0.117647 0.800000 0.772973 0.113562
276 69 2 0.792484 0.497297 0.272973 0.038399
276 70 2 0.742647 0.483784 0.072973 0.023693
276 71 0 0.725490 0.470270 0.032432 0.034314
277 0 2 0.117647 0.800000 0.772973 0.113562
277 69 2 0.824346 0.494595 0.351351 0.042484
277 70 2 0.742647 0.483784 0.072973 0.023693
277 71 0 0.724673 0.470270 0.029730 0.034314
277 72 2 0.794935 0.497297 0.164865 0.035948
278 0 2 0.117647 0.800000 0.775676 0.113562
278 69 2 0.843137 0.497297 0.356757 0.042484
278 70 2 0.742647 0.483784 0.072973 0.023693
278 71 0 0.725490 0.470270 0.032432 0.034314
278 72 2 0.794935 0.497297 0.164865 0.035948
279 0 2 0.117647 0.800000 0.772973 0.113562
279 69 2 0.861928 0.494595 0.345946 0.041667
279 70 2 0.742647 0.483784 0.072973 0.023693
279 71 0 0.724673 0.467568 0.029730 0.033497
279 72 2 0.794935 0.497297 0.164865 0.035948
280 0 2 0.117647 0.800000 0.772973 0.113562
280 69 2 0.879085 0.491892 0.354054 0.037582
280 70 2 0.742647 0.483784 0.072973 0.023693
280 71 0 0.724673 0.467568 0.029730 0.033497
280 72 2 0.794935 0.497297 0.164865 0.035948
281 0 2 0.117647 0.800000 0.772973 0.113562
281 69 2 0.897876 0.486486 0.343243 0.036765
281 71 0 0.724673 0.467568 0.029730 0.033497
281 72 2 0.794935 0.497297 0.164865 0.035948
282 0 2 0.117647 0.800000 0.775676 0.113562
282 69 2 0.915033 0.483784 0.359459 0.037582
282 71 0 0.724673 0.467568 0.029730 0.033497
282 72 2 0.794935 0.497297 0.164865 0.035948
283 0 2 0.117647 0.800000 0.772973 0.113562
283 69 2 0.932190 0.478378 0.351351 0.036765
283 71 0 0.724673 0.467568 0.029730 0.033497
283 73 0 0.916667 0.537838 0.045946 0.034314
284 0 2 0.117647 0.800000 0.772973 0.113562
284 69 2 0.947712 0.478378 0.345946 0.037582
284 71 0 0.724673 0.467568 0.029730 0.033497
284 73 0 0.916667 0.537838 0.045946 0.034314
285 0 2 0.117647 0.800000 0.772973 0.113562
285 69 2 0.955882 0.472973 0.289189 0.038399
285 71 0 0.724673 0.467568 0.029730 0.033497
285 73 0 0.916667 0.537838 0.045946 0.034314
286 0 2 0.117647 0.800000 0.772973 0.113562
286 69 2 0.964052 0.470270 0.235135 0.036765
286 71 0 0.724673 0.467568 0.029730 0.033497
286 73 0 0.916667 0.537838 0.045946 0.034314
