58.820262
52.000786
54.893690
61.204466
59.337790
45.113611
54.750442
49.243214
49.483906
52.052993
50.720218
57.271368
53.805189
50.608375
52.219316
51.668372
57.470395
48.974209
51.565339
45.729521
37.235051
53.268093
54.322181
46.289175
61.348773
42.728172
50.228793
49.064081
57.663896
57.346794
50.774737
51.890813
45.561071
40.096018
48.260439
50.781745
56.151453
56.011899
48.063366
48.488486
44.757235
42.899910
41.468649
59.753877
47.451739
47.809628
43.736023
53.887452
41.930511
48.936299
45.522667
51.934512
47.445974
44.096839
49.859089
52.141659
50.332586
51.512359
46.828390
48.186294
46.637698
48.202234
45.934269
41.368587
50.887131
47.991095
41.849008
52.313911
45.463508
50.259727
53.645453
50.644915
55.697003
43.825871
52.011708
46.575950
45.646014
47.105752
48.442237
50.280827
44.174251
54.504132
52.328312
42.318782
57.441261
59.479446
55.893898
49.100376
44.646237
55.272259
47.984115
56.112225
51.041375
54.883195
51.781832
53.532866
50.052500
58.929352
50.634560
52.009947
